file	sha256	source	config	command	bc_sha256	dosbox	made_by
addrm-p-evt.obj	7dc5e6cc29523c8105898849efc829d12d351a95bb7f4b6b2cc602b04e071f50	suite/addrm.bas	p-evt	BC /O /FPi /G2 /V /W ADDRM.BAS, F148.OBJ;	3112bcc99a8d4d9e28bd16085a4592c3f251fea0dfaf0aa63ca4525d7611028d	DOSBox-X version 2026.06.02 SDL2, copyright 2011-2026 The DOSBox-X Team.	tools/mkfixtures.py
addrm-p-g2-zd.obj	fa4c26ecb7035dc1109d714eb3557bc3b1d902b293fcb8ade0c0d86f2c3c4772	suite/addrm.bas	p-g2	BC /O /FPi /G2 /Zd ADDRM.BAS, F106.OBJ;	3112bcc99a8d4d9e28bd16085a4592c3f251fea0dfaf0aa63ca4525d7611028d	DOSBox-X version 2026.06.02 SDL2, copyright 2011-2026 The DOSBox-X Team.	tools/mkfixtures.py
addrm-p-g2.obj	2dcc69f5e5cb9df91d6a2dca61a2762f46ccb9cc3f3fe599fa6a545a8a13ff73	suite/addrm.bas	p-g2	BC /O /FPi /G2 ADDRM.BAS, F92.OBJ;	3112bcc99a8d4d9e28bd16085a4592c3f251fea0dfaf0aa63ca4525d7611028d	DOSBox-X version 2026.06.02 SDL2, copyright 2011-2026 The DOSBox-X Team.	tools/mkfixtures.py
addrm-p-noO.obj	ee2737d6b65035913f8f265c8716218f1b8c2b89d7c2c8c094a0959745813945	suite/addrm.bas	p-noO	BC /FPi /G2 ADDRM.BAS, F134.OBJ;	3112bcc99a8d4d9e28bd16085a4592c3f251fea0dfaf0aa63ca4525d7611028d	DOSBox-X version 2026.06.02 SDL2, copyright 2011-2026 The DOSBox-X Team.	tools/mkfixtures.py
addrm-p-ot.obj	2dcc69f5e5cb9df91d6a2dca61a2762f46ccb9cc3f3fe599fa6a545a8a13ff73	suite/addrm.bas	p-ot	BC /O /FPi /G2 /Ot ADDRM.BAS, F120.OBJ;	3112bcc99a8d4d9e28bd16085a4592c3f251fea0dfaf0aa63ca4525d7611028d	DOSBox-X version 2026.06.02 SDL2, copyright 2011-2026 The DOSBox-X Team.	tools/mkfixtures.py
addrm-q-O-zd.obj	6dd9970fcae42008a8072dde201b518723b0d053d50b5a292e28d5066454e724	suite/addrm.bas	q-O	BC /O /FPi /Zd ADDRM.BAS, F176.OBJ;	de21556c94b588bfca06388a45f6e22362a7c9e153571f5a27c4f95b6740f5fa	DOSBox-X version 2026.06.02 SDL2, copyright 2011-2026 The DOSBox-X Team.	tools/mkfixtures.py
addrm-q-O.obj	221a7e3c77d05ff83001fd3c5a1adef0d6b1f644c51581cf1c7a16031222af2b	suite/addrm.bas	q-O	BC /O /FPi ADDRM.BAS, F162.OBJ;	de21556c94b588bfca06388a45f6e22362a7c9e153571f5a27c4f95b6740f5fa	DOSBox-X version 2026.06.02 SDL2, copyright 2011-2026 The DOSBox-X Team.	tools/mkfixtures.py
addrm-q-evt.obj	0aa88f4e46cc8de4c17a0760ff7467aefc50b0206b9bb8fcea69f53acba354ff	suite/addrm.bas	q-evt	BC /O /FPi /V /W ADDRM.BAS, F204.OBJ;	de21556c94b588bfca06388a45f6e22362a7c9e153571f5a27c4f95b6740f5fa	DOSBox-X version 2026.06.02 SDL2, copyright 2011-2026 The DOSBox-X Team.	tools/mkfixtures.py
addrm-q-noO.obj	062601ef90688d967f6443e1ed5e0d43b15f69ad92efdb66ff091e6d31d9148e	suite/addrm.bas	q-noO	BC /FPi ADDRM.BAS, F190.OBJ;	de21556c94b588bfca06388a45f6e22362a7c9e153571f5a27c4f95b6740f5fa	DOSBox-X version 2026.06.02 SDL2, copyright 2011-2026 The DOSBox-X Team.	tools/mkfixtures.py
addrm-v-evt.obj	4b94246efa5bcd6d1fa1c928ac6ddca7989186f111a4e57e89e8c41f31af722d	suite/addrm.bas	v-evt	BC /O /FPi /R /G3 /E /V /W ADDRM.BAS, F78.OBJ;	fa8a089bb6ec4a5dcd81705d704929e7c41894efcc09dc453e7e0311f9331efb	DOSBox-X version 2026.06.02 SDL2, copyright 2011-2026 The DOSBox-X Team.	tools/mkfixtures.py
addrm-v-g2.obj	513a99afb11484ee811d87279998012a9a71dd57d61b568b0cd81ae899510d14	suite/addrm.bas	v-g2	BC /O /FPi /R /G2 /E ADDRM.BAS, F36.OBJ;	fa8a089bb6ec4a5dcd81705d704929e7c41894efcc09dc453e7e0311f9331efb	DOSBox-X version 2026.06.02 SDL2, copyright 2011-2026 The DOSBox-X Team.	tools/mkfixtures.py
addrm-v-g3-zd.obj	269028c44f6563743b506f067138370ce5187e54cb6aaa40c5ce9220ff4c92bd	suite/addrm.bas	v-g3	BC /O /FPi /R /G3 /E /Zd ADDRM.BAS, F22.OBJ;	fa8a089bb6ec4a5dcd81705d704929e7c41894efcc09dc453e7e0311f9331efb	DOSBox-X version 2026.06.02 SDL2, copyright 2011-2026 The DOSBox-X Team.	tools/mkfixtures.py
addrm-v-g3.obj	73d684695af2478e808fc2bafbd16cca5aad611aa2576b6d9aedea1fd957c051	suite/addrm.bas	v-g3	BC /O /FPi /R /G3 /E ADDRM.BAS, F08.OBJ;	fa8a089bb6ec4a5dcd81705d704929e7c41894efcc09dc453e7e0311f9331efb	DOSBox-X version 2026.06.02 SDL2, copyright 2011-2026 The DOSBox-X Team.	tools/mkfixtures.py
addrm-v-noO.obj	34068d3bf724524d1ad088d226cb585a01de8800b891102abf27c3093bbd99ac	suite/addrm.bas	v-noO	BC /FPi /R /G3 /E ADDRM.BAS, F50.OBJ;	fa8a089bb6ec4a5dcd81705d704929e7c41894efcc09dc453e7e0311f9331efb	DOSBox-X version 2026.06.02 SDL2, copyright 2011-2026 The DOSBox-X Team.	tools/mkfixtures.py
addrm-v-plain.obj	ddcd148b756ba00eb09c7c6dae60dc956c2686bc248a547f1b1a33fa19ee4818	suite/addrm.bas	v-plain	BC /FPi /R /E ADDRM.BAS, F64.OBJ;	fa8a089bb6ec4a5dcd81705d704929e7c41894efcc09dc453e7e0311f9331efb	DOSBox-X version 2026.06.02 SDL2, copyright 2011-2026 The DOSBox-X Team.	tools/mkfixtures.py
arridx-p-evt.obj	7157172c2e500f2c1da525211c3629a8c7fb2534fb5500e80ec6c579ad0ad4df	suite/arridx.bas	p-evt	BC /O /FPi /G2 /V /W ARRIDX.BAS, F31.OBJ;	3112bcc99a8d4d9e28bd16085a4592c3f251fea0dfaf0aa63ca4525d7611028d	DOSBox-X version 2026.06.02 SDL2, copyright 2011-2026 The DOSBox-X Team.	tools/mkfixtures.py
arridx-p-g2-zd.obj	20faefeaa3ff4910cf3b535c601717f6f2bea5075a8a46f01c9a88859af4862a	suite/arridx.bas	p-g2	BC /O /FPi /G2 /Zd ARRIDX.BAS, F22.OBJ;	3112bcc99a8d4d9e28bd16085a4592c3f251fea0dfaf0aa63ca4525d7611028d	DOSBox-X version 2026.06.02 SDL2, copyright 2011-2026 The DOSBox-X Team.	tools/mkfixtures.py
arridx-p-g2.obj	6807735917f925730786da533e684089e25f7f133d12e2f324445474ab1d40fa	suite/arridx.bas	p-g2	BC /O /FPi /G2 ARRIDX.BAS, F19.OBJ;	3112bcc99a8d4d9e28bd16085a4592c3f251fea0dfaf0aa63ca4525d7611028d	DOSBox-X version 2026.06.02 SDL2, copyright 2011-2026 The DOSBox-X Team.	tools/mkfixtures.py
arridx-p-noO.obj	600dec81c9117a1578debaaec9f170858d7d34a124c0e7f36bbef7dbf9c9b826	suite/arridx.bas	p-noO	BC /FPi /G2 ARRIDX.BAS, F28.OBJ;	3112bcc99a8d4d9e28bd16085a4592c3f251fea0dfaf0aa63ca4525d7611028d	DOSBox-X version 2026.06.02 SDL2, copyright 2011-2026 The DOSBox-X Team.	tools/mkfixtures.py
arridx-p-ot.obj	6807735917f925730786da533e684089e25f7f133d12e2f324445474ab1d40fa	suite/arridx.bas	p-ot	BC /O /FPi /G2 /Ot ARRIDX.BAS, F25.OBJ;	3112bcc99a8d4d9e28bd16085a4592c3f251fea0dfaf0aa63ca4525d7611028d	DOSBox-X version 2026.06.02 SDL2, copyright 2011-2026 The DOSBox-X Team.	tools/mkfixtures.py
arridx-q-O-zd.obj	cbfe2c493d50179ed06e625b4f523c9e675b177d3ed5678d5fc55ceaa76bfce2	suite/arridx.bas	q-O	BC /O /FPi /Zd ARRIDX.BAS, F37.OBJ;	de21556c94b588bfca06388a45f6e22362a7c9e153571f5a27c4f95b6740f5fa	DOSBox-X version 2026.06.02 SDL2, copyright 2011-2026 The DOSBox-X Team.	tools/mkfixtures.py
arridx-q-O.obj	34f7c8e53ed08a8ad9f41d84c31410ae83be14f4cb6b883eb0cbab329b1f3e2e	suite/arridx.bas	q-O	BC /O /FPi ARRIDX.BAS, F34.OBJ;	de21556c94b588bfca06388a45f6e22362a7c9e153571f5a27c4f95b6740f5fa	DOSBox-X version 2026.06.02 SDL2, copyright 2011-2026 The DOSBox-X Team.	tools/mkfixtures.py
arridx-q-evt.obj	c3d35f5dc94cf4400296aeaed6a60b61e07819f8ee7f399ea33dbc0d72f7b384	suite/arridx.bas	q-evt	BC /O /FPi /V /W ARRIDX.BAS, F43.OBJ;	de21556c94b588bfca06388a45f6e22362a7c9e153571f5a27c4f95b6740f5fa	DOSBox-X version 2026.06.02 SDL2, copyright 2011-2026 The DOSBox-X Team.	tools/mkfixtures.py
arridx-q-noO.obj	acb822801d7f69679c2dbc2db1b9049e14d366cbe5331182135adbe124099797	suite/arridx.bas	q-noO	BC /FPi ARRIDX.BAS, F40.OBJ;	de21556c94b588bfca06388a45f6e22362a7c9e153571f5a27c4f95b6740f5fa	DOSBox-X version 2026.06.02 SDL2, copyright 2011-2026 The DOSBox-X Team.	tools/mkfixtures.py
arridx-v-evt.obj	282379af0eaac779638d26212dbfa34bbc4c71346ef490bf1297f05b8446fea3	suite/arridx.bas	v-evt	BC /O /FPi /R /G3 /E /V /W ARRIDX.BAS, F16.OBJ;	fa8a089bb6ec4a5dcd81705d704929e7c41894efcc09dc453e7e0311f9331efb	DOSBox-X version 2026.06.02 SDL2, copyright 2011-2026 The DOSBox-X Team.	tools/mkfixtures.py
arridx-v-g2.obj	fd93ba5150cb77667f64af9b25851e5807247b0540c7bdc9395f5e1741520561	suite/arridx.bas	v-g2	BC /O /FPi /R /G2 /E ARRIDX.BAS, F07.OBJ;	fa8a089bb6ec4a5dcd81705d704929e7c41894efcc09dc453e7e0311f9331efb	DOSBox-X version 2026.06.02 SDL2, copyright 2011-2026 The DOSBox-X Team.	tools/mkfixtures.py
arridx-v-g3-zd.obj	4721b47cb43bb4f0d3d8fcc68ce483fef25579734199e7e925030627788a9b2f	suite/arridx.bas	v-g3	BC /O /FPi /R /G3 /E /Zd ARRIDX.BAS, F04.OBJ;	fa8a089bb6ec4a5dcd81705d704929e7c41894efcc09dc453e7e0311f9331efb	DOSBox-X version 2026.06.02 SDL2, copyright 2011-2026 The DOSBox-X Team.	tools/mkfixtures.py
arridx-v-g3.obj	fd93ba5150cb77667f64af9b25851e5807247b0540c7bdc9395f5e1741520561	suite/arridx.bas	v-g3	BC /O /FPi /R /G3 /E ARRIDX.BAS, F01.OBJ;	fa8a089bb6ec4a5dcd81705d704929e7c41894efcc09dc453e7e0311f9331efb	DOSBox-X version 2026.06.02 SDL2, copyright 2011-2026 The DOSBox-X Team.	tools/mkfixtures.py
arridx-v-noO.obj	db7e2f5fd7629d21f259e14c09fdbf4abd680560e06b9e8cde881b38b909fa0e	suite/arridx.bas	v-noO	BC /FPi /R /G3 /E ARRIDX.BAS, F10.OBJ;	fa8a089bb6ec4a5dcd81705d704929e7c41894efcc09dc453e7e0311f9331efb	DOSBox-X version 2026.06.02 SDL2, copyright 2011-2026 The DOSBox-X Team.	tools/mkfixtures.py
arridx-v-plain.obj	37287781241355f82edbe471916ab995b481fda8c6cfb5d9767d936c302bcde7	suite/arridx.bas	v-plain	BC /FPi /R /E ARRIDX.BAS, F13.OBJ;	fa8a089bb6ec4a5dcd81705d704929e7c41894efcc09dc453e7e0311f9331efb	DOSBox-X version 2026.06.02 SDL2, copyright 2011-2026 The DOSBox-X Team.	tools/mkfixtures.py
bools-p-evt.obj	6904175f028921584f5eebbc9e51a194c9012fad0dd039ac5b31e1968d735b07	suite/bools.bas	p-evt	BC /O /FPi /G2 /V /W BOOLS.BAS, F150.OBJ;	3112bcc99a8d4d9e28bd16085a4592c3f251fea0dfaf0aa63ca4525d7611028d	DOSBox-X version 2026.06.02 SDL2, copyright 2011-2026 The DOSBox-X Team.	tools/mkfixtures.py
bools-p-g2-zd.obj	2f3ddce0f5b6783879277edb0012fb1ef638a3221e5a94a76499780866fc1653	suite/bools.bas	p-g2	BC /O /FPi /G2 /Zd BOOLS.BAS, F108.OBJ;	3112bcc99a8d4d9e28bd16085a4592c3f251fea0dfaf0aa63ca4525d7611028d	DOSBox-X version 2026.06.02 SDL2, copyright 2011-2026 The DOSBox-X Team.	tools/mkfixtures.py
bools-p-g2.obj	b6c415496743a9ab3f3bc204c30646d3a9a05cd486620b63ee7e2c52f9bf9b68	suite/bools.bas	p-g2	BC /O /FPi /G2 BOOLS.BAS, F94.OBJ;	3112bcc99a8d4d9e28bd16085a4592c3f251fea0dfaf0aa63ca4525d7611028d	DOSBox-X version 2026.06.02 SDL2, copyright 2011-2026 The DOSBox-X Team.	tools/mkfixtures.py
bools-p-noO.obj	327028945d6471f35a20b46d5437873fcf775e66590d7cd3aed545abee4437d9	suite/bools.bas	p-noO	BC /FPi /G2 BOOLS.BAS, F136.OBJ;	3112bcc99a8d4d9e28bd16085a4592c3f251fea0dfaf0aa63ca4525d7611028d	DOSBox-X version 2026.06.02 SDL2, copyright 2011-2026 The DOSBox-X Team.	tools/mkfixtures.py
bools-p-ot.obj	b6c415496743a9ab3f3bc204c30646d3a9a05cd486620b63ee7e2c52f9bf9b68	suite/bools.bas	p-ot	BC /O /FPi /G2 /Ot BOOLS.BAS, F122.OBJ;	3112bcc99a8d4d9e28bd16085a4592c3f251fea0dfaf0aa63ca4525d7611028d	DOSBox-X version 2026.06.02 SDL2, copyright 2011-2026 The DOSBox-X Team.	tools/mkfixtures.py
bools-q-O-zd.obj	e49380e2d5bd9b20d66b1bc655b445b454549f00398973300ecfa5b42f51d2d8	suite/bools.bas	q-O	BC /O /FPi /Zd BOOLS.BAS, F178.OBJ;	de21556c94b588bfca06388a45f6e22362a7c9e153571f5a27c4f95b6740f5fa	DOSBox-X version 2026.06.02 SDL2, copyright 2011-2026 The DOSBox-X Team.	tools/mkfixtures.py
bools-q-O.obj	4279421c138283cf055d353a289da179b715b114b5c8d9d933b7640db8ca3ddb	suite/bools.bas	q-O	BC /O /FPi BOOLS.BAS, F164.OBJ;	de21556c94b588bfca06388a45f6e22362a7c9e153571f5a27c4f95b6740f5fa	DOSBox-X version 2026.06.02 SDL2, copyright 2011-2026 The DOSBox-X Team.	tools/mkfixtures.py
bools-q-evt.obj	27bb54b0c7d1f00ad45e8a13cac0b7b4e433cbc5182bcf3429c066ccf0e64e9e	suite/bools.bas	q-evt	BC /O /FPi /V /W BOOLS.BAS, F206.OBJ;	de21556c94b588bfca06388a45f6e22362a7c9e153571f5a27c4f95b6740f5fa	DOSBox-X version 2026.06.02 SDL2, copyright 2011-2026 The DOSBox-X Team.	tools/mkfixtures.py
bools-q-noO.obj	81640959d6dd2c98facce2043727224b9ba7dd4e3c6b0861bb12b07f650ffda6	suite/bools.bas	q-noO	BC /FPi BOOLS.BAS, F192.OBJ;	de21556c94b588bfca06388a45f6e22362a7c9e153571f5a27c4f95b6740f5fa	DOSBox-X version 2026.06.02 SDL2, copyright 2011-2026 The DOSBox-X Team.	tools/mkfixtures.py
bools-v-evt.obj	1986e1124b82da350d13ca0c3857818a60be4f17e230f662812a8d3ce71d1c38	suite/bools.bas	v-evt	BC /O /FPi /R /G3 /E /V /W BOOLS.BAS, F80.OBJ;	fa8a089bb6ec4a5dcd81705d704929e7c41894efcc09dc453e7e0311f9331efb	DOSBox-X version 2026.06.02 SDL2, copyright 2011-2026 The DOSBox-X Team.	tools/mkfixtures.py
bools-v-g2.obj	59f0e6c433df7047587edac006ede415137bcb9930537f416e2e5ac285f9d8b8	suite/bools.bas	v-g2	BC /O /FPi /R /G2 /E BOOLS.BAS, F38.OBJ;	fa8a089bb6ec4a5dcd81705d704929e7c41894efcc09dc453e7e0311f9331efb	DOSBox-X version 2026.06.02 SDL2, copyright 2011-2026 The DOSBox-X Team.	tools/mkfixtures.py
bools-v-g3-zd.obj	54fb543a0cc871c646f4ace98e81eeaa7d27d2a9ea1a5a10f6ee979846ba1cb8	suite/bools.bas	v-g3	BC /O /FPi /R /G3 /E /Zd BOOLS.BAS, F24.OBJ;	fa8a089bb6ec4a5dcd81705d704929e7c41894efcc09dc453e7e0311f9331efb	DOSBox-X version 2026.06.02 SDL2, copyright 2011-2026 The DOSBox-X Team.	tools/mkfixtures.py
bools-v-g3.obj	59f0e6c433df7047587edac006ede415137bcb9930537f416e2e5ac285f9d8b8	suite/bools.bas	v-g3	BC /O /FPi /R /G3 /E BOOLS.BAS, F10.OBJ;	fa8a089bb6ec4a5dcd81705d704929e7c41894efcc09dc453e7e0311f9331efb	DOSBox-X version 2026.06.02 SDL2, copyright 2011-2026 The DOSBox-X Team.	tools/mkfixtures.py
bools-v-noO.obj	de5f21e77dded1bcf6f10f3c751949449363fcf15ff8fbc5eeea4614f0902682	suite/bools.bas	v-noO	BC /FPi /R /G3 /E BOOLS.BAS, F52.OBJ;	fa8a089bb6ec4a5dcd81705d704929e7c41894efcc09dc453e7e0311f9331efb	DOSBox-X version 2026.06.02 SDL2, copyright 2011-2026 The DOSBox-X Team.	tools/mkfixtures.py
bools-v-plain.obj	bf94069ab037dee44eb0538868f988d3b799a661e167ea354ef7794b35831e3c	suite/bools.bas	v-plain	BC /FPi /R /E BOOLS.BAS, F66.OBJ;	fa8a089bb6ec4a5dcd81705d704929e7c41894efcc09dc453e7e0311f9331efb	DOSBox-X version 2026.06.02 SDL2, copyright 2011-2026 The DOSBox-X Team.	tools/mkfixtures.py
byref2-q-O-zd.obj	83ad97d6a193be8c634eda7c5198fa86e79de008357f5b1c87fec9aad4fb6474	suite/byref2.bas	q-O	BC /O /FPi /Zi /Zd BYREF2.BAS, F02.OBJ;	de21556c94b588bfca06388a45f6e22362a7c9e153571f5a27c4f95b6740f5fa	DOSBox-X version 2026.06.02 SDL2, copyright 2011-2026 The DOSBox-X Team.	tools/mkfixtures.py
byref2-q-O-zi.obj	9538390ac4a30d57ab743ca59358142d85c88febbffd68c8b3fce7ce70d5d806	suite/byref2.bas	q-O	BC /O /FPi /Zi /Zi BYREF2.BAS, F04.OBJ;	de21556c94b588bfca06388a45f6e22362a7c9e153571f5a27c4f95b6740f5fa	DOSBox-X version 2026.06.02 SDL2, copyright 2011-2026 The DOSBox-X Team.	tools/mkfixtures.py
byref2-q-O.obj	9538390ac4a30d57ab743ca59358142d85c88febbffd68c8b3fce7ce70d5d806	suite/byref2.bas	q-O	BC /O /FPi /Zi BYREF2.BAS, F00.OBJ;	de21556c94b588bfca06388a45f6e22362a7c9e153571f5a27c4f95b6740f5fa	DOSBox-X version 2026.06.02 SDL2, copyright 2011-2026 The DOSBox-X Team.	tools/mkfixtures.py
chain-p-evt.obj	0cc99de923cb9c9b41a6b26538530569a06bc67fa0c74d7580928cb00823c73f	suite/chain.bas	p-evt	BC /O /FPi /G2 /V /W /Zi  CHAIN.BAS, F10.OBJ;	3112bcc99a8d4d9e28bd16085a4592c3f251fea0dfaf0aa63ca4525d7611028d	DOSBox-X version 2026.06.02 SDL2, copyright 2011-2026 The DOSBox-X Team.	tools/mkfixtures.py
chain-p-g2-zd.obj	245b31291716ff0c6d6913e65b4217adecb0a1d2fe656fd2a5700a675d68acc2	suite/chain.bas	p-g2	BC /O /FPi /G2 /Zi /Zd CHAIN.BAS, F07.OBJ;	3112bcc99a8d4d9e28bd16085a4592c3f251fea0dfaf0aa63ca4525d7611028d	DOSBox-X version 2026.06.02 SDL2, copyright 2011-2026 The DOSBox-X Team.	tools/mkfixtures.py
chain-p-g2.obj	b63581ba16579753b09f6b7f0d0345a3b22f102179f9c290fa1c870d5802221a	suite/chain.bas	p-g2	BC /O /FPi /G2 /Zi  CHAIN.BAS, F06.OBJ;	3112bcc99a8d4d9e28bd16085a4592c3f251fea0dfaf0aa63ca4525d7611028d	DOSBox-X version 2026.06.02 SDL2, copyright 2011-2026 The DOSBox-X Team.	tools/mkfixtures.py
chain-p-noO.obj	31419621944ac96c1e4198a07b1f60a17b71eed924bed0346ba3e817789c1c07	suite/chain.bas	p-noO	BC /FPi /G2 /Zi  CHAIN.BAS, F09.OBJ;	3112bcc99a8d4d9e28bd16085a4592c3f251fea0dfaf0aa63ca4525d7611028d	DOSBox-X version 2026.06.02 SDL2, copyright 2011-2026 The DOSBox-X Team.	tools/mkfixtures.py
chain-p-ot.obj	b63581ba16579753b09f6b7f0d0345a3b22f102179f9c290fa1c870d5802221a	suite/chain.bas	p-ot	BC /O /FPi /G2 /Ot /Zi  CHAIN.BAS, F08.OBJ;	3112bcc99a8d4d9e28bd16085a4592c3f251fea0dfaf0aa63ca4525d7611028d	DOSBox-X version 2026.06.02 SDL2, copyright 2011-2026 The DOSBox-X Team.	tools/mkfixtures.py
chain-q-O-zd.obj	ddde8a3509efe7bc6ef8143aa84e767e823552d81355db66152ba8bf0d89df19	suite/chain.bas	q-O	BC /O /FPi /Zi /Zd CHAIN.BAS, F12.OBJ;	de21556c94b588bfca06388a45f6e22362a7c9e153571f5a27c4f95b6740f5fa	DOSBox-X version 2026.06.02 SDL2, copyright 2011-2026 The DOSBox-X Team.	tools/mkfixtures.py
chain-q-O.obj	994eab02586807d9cdc057e579c75f99e28c5c43086c1948b8f8542d2105768b	suite/chain.bas	q-O	BC /O /FPi /Zi  CHAIN.BAS, F11.OBJ;	de21556c94b588bfca06388a45f6e22362a7c9e153571f5a27c4f95b6740f5fa	DOSBox-X version 2026.06.02 SDL2, copyright 2011-2026 The DOSBox-X Team.	tools/mkfixtures.py
chain-q-evt.obj	931fbe1757bc31a3ba370f333b940475e6cc3a5db827440f3738cac604323375	suite/chain.bas	q-evt	BC /O /FPi /V /W /Zi  CHAIN.BAS, F14.OBJ;	de21556c94b588bfca06388a45f6e22362a7c9e153571f5a27c4f95b6740f5fa	DOSBox-X version 2026.06.02 SDL2, copyright 2011-2026 The DOSBox-X Team.	tools/mkfixtures.py
chain-q-noO.obj	7601a5aac848f29a2ad7c6d8e8792047342bde31dbf80f17951f14e7db224d48	suite/chain.bas	q-noO	BC /FPi /Zi  CHAIN.BAS, F13.OBJ;	de21556c94b588bfca06388a45f6e22362a7c9e153571f5a27c4f95b6740f5fa	DOSBox-X version 2026.06.02 SDL2, copyright 2011-2026 The DOSBox-X Team.	tools/mkfixtures.py
chain-v-evt.obj	b8a580d5c15e78454a89252d750970e7e3f5b00e03311bf73ea2703390c0a26d	suite/chain.bas	v-evt	BC /O /FPi /R /G3 /E /V /W /Zi  CHAIN.BAS, F05.OBJ;	fa8a089bb6ec4a5dcd81705d704929e7c41894efcc09dc453e7e0311f9331efb	DOSBox-X version 2026.06.02 SDL2, copyright 2011-2026 The DOSBox-X Team.	tools/mkfixtures.py
chain-v-g2.obj	7a937174e62fc0c09b03c523d3e9323f14c609b5b0fc341475e772e6f06722f5	suite/chain.bas	v-g2	BC /O /FPi /R /G2 /E /Zi  CHAIN.BAS, F02.OBJ;	fa8a089bb6ec4a5dcd81705d704929e7c41894efcc09dc453e7e0311f9331efb	DOSBox-X version 2026.06.02 SDL2, copyright 2011-2026 The DOSBox-X Team.	tools/mkfixtures.py
chain-v-g3-zd.obj	1776e1a86aca624f8d4ac0955e0fbca187762513a98c09d4092d68a410fffe47	suite/chain.bas	v-g3	BC /O /FPi /R /G3 /E /Zi /Zd CHAIN.BAS, F01.OBJ;	fa8a089bb6ec4a5dcd81705d704929e7c41894efcc09dc453e7e0311f9331efb	DOSBox-X version 2026.06.02 SDL2, copyright 2011-2026 The DOSBox-X Team.	tools/mkfixtures.py
chain-v-g3.obj	2d3843eb5c7ef9d86e7de2e07db63f12c4943858435435a71ef91bbfcddc11eb	suite/chain.bas	v-g3	BC /O /FPi /R /G3 /E /Zi  CHAIN.BAS, F00.OBJ;	fa8a089bb6ec4a5dcd81705d704929e7c41894efcc09dc453e7e0311f9331efb	DOSBox-X version 2026.06.02 SDL2, copyright 2011-2026 The DOSBox-X Team.	tools/mkfixtures.py
chain-v-noO.obj	2ddad7bc8a1d5e4beb74beb2752e2e59cfd4d28a72bd6a688e260228ff597988	suite/chain.bas	v-noO	BC /FPi /R /G3 /E /Zi  CHAIN.BAS, F03.OBJ;	fa8a089bb6ec4a5dcd81705d704929e7c41894efcc09dc453e7e0311f9331efb	DOSBox-X version 2026.06.02 SDL2, copyright 2011-2026 The DOSBox-X Team.	tools/mkfixtures.py
chain-v-plain.obj	ed527b315786f16fa4d7e6514e3225b1a232a6346891df63d8e9b42045d470b7	suite/chain.bas	v-plain	BC /FPi /R /E /Zi  CHAIN.BAS, F04.OBJ;	fa8a089bb6ec4a5dcd81705d704929e7c41894efcc09dc453e7e0311f9331efb	DOSBox-X version 2026.06.02 SDL2, copyright 2011-2026 The DOSBox-X Team.	tools/mkfixtures.py
divmod-p-evt.obj	f1313bf4aca60316cd0aa39833cf38e5b3d2c776585d74a0be90aff5e1fb1946	suite/divmod.bas	p-evt	BC /O /FPi /G2 /V /W /Zi /X DIVMOD.BAS, F24.OBJ;	3112bcc99a8d4d9e28bd16085a4592c3f251fea0dfaf0aa63ca4525d7611028d	DOSBox-X version 2026.06.02 SDL2, copyright 2011-2026 The DOSBox-X Team.	tools/mkfixtures.py
divmod-p-g2-zd.obj	f0b0ab9c34c74be0131ad415c57293183182fe88f975f1309aa5de7237aacd38	suite/divmod.bas	p-g2	BC /O /FPi /G2 /Zi /X /Zd DIVMOD.BAS, F16.OBJ;	3112bcc99a8d4d9e28bd16085a4592c3f251fea0dfaf0aa63ca4525d7611028d	DOSBox-X version 2026.06.02 SDL2, copyright 2011-2026 The DOSBox-X Team.	tools/mkfixtures.py
divmod-p-g2-zi.obj	913023d4d56d7bc1e9b9c8f4b52a5a6180427f0118b5c5b8a23ed2ac84a7b195	suite/divmod.bas	p-g2	BC /O /FPi /G2 /Zi /X /Zi DIVMOD.BAS, F18.OBJ;	3112bcc99a8d4d9e28bd16085a4592c3f251fea0dfaf0aa63ca4525d7611028d	DOSBox-X version 2026.06.02 SDL2, copyright 2011-2026 The DOSBox-X Team.	tools/mkfixtures.py
divmod-p-g2.obj	913023d4d56d7bc1e9b9c8f4b52a5a6180427f0118b5c5b8a23ed2ac84a7b195	suite/divmod.bas	p-g2	BC /O /FPi /G2 /Zi /X DIVMOD.BAS, F14.OBJ;	3112bcc99a8d4d9e28bd16085a4592c3f251fea0dfaf0aa63ca4525d7611028d	DOSBox-X version 2026.06.02 SDL2, copyright 2011-2026 The DOSBox-X Team.	tools/mkfixtures.py
divmod-p-noO.obj	b1f94d2de604f5fe4f9eadd6327692e4839aa11046c5335af98aaa66b178f463	suite/divmod.bas	p-noO	BC /FPi /G2 /Zi /X DIVMOD.BAS, F22.OBJ;	3112bcc99a8d4d9e28bd16085a4592c3f251fea0dfaf0aa63ca4525d7611028d	DOSBox-X version 2026.06.02 SDL2, copyright 2011-2026 The DOSBox-X Team.	tools/mkfixtures.py
divmod-p-ot.obj	913023d4d56d7bc1e9b9c8f4b52a5a6180427f0118b5c5b8a23ed2ac84a7b195	suite/divmod.bas	p-ot	BC /O /FPi /G2 /Ot /Zi /X DIVMOD.BAS, F20.OBJ;	3112bcc99a8d4d9e28bd16085a4592c3f251fea0dfaf0aa63ca4525d7611028d	DOSBox-X version 2026.06.02 SDL2, copyright 2011-2026 The DOSBox-X Team.	tools/mkfixtures.py
divmod-q-O-zd.obj	f5331c3fb7f0570632de79bda484f6cb2e6d464d66b010f0cf82e721d320163c	suite/divmod.bas	q-O	BC /O /FPi /Zi /X /Zd DIVMOD.BAS, F28.OBJ;	de21556c94b588bfca06388a45f6e22362a7c9e153571f5a27c4f95b6740f5fa	DOSBox-X version 2026.06.02 SDL2, copyright 2011-2026 The DOSBox-X Team.	tools/mkfixtures.py
divmod-q-O-zi.obj	4e730c42ab0c293a5d1e17c29dd941e085c0a4e0dcea5216ae2d4681e2b540c3	suite/divmod.bas	q-O	BC /O /FPi /Zi /X /Zi DIVMOD.BAS, F30.OBJ;	de21556c94b588bfca06388a45f6e22362a7c9e153571f5a27c4f95b6740f5fa	DOSBox-X version 2026.06.02 SDL2, copyright 2011-2026 The DOSBox-X Team.	tools/mkfixtures.py
divmod-q-O.obj	4e730c42ab0c293a5d1e17c29dd941e085c0a4e0dcea5216ae2d4681e2b540c3	suite/divmod.bas	q-O	BC /O /FPi /Zi /X DIVMOD.BAS, F26.OBJ;	de21556c94b588bfca06388a45f6e22362a7c9e153571f5a27c4f95b6740f5fa	DOSBox-X version 2026.06.02 SDL2, copyright 2011-2026 The DOSBox-X Team.	tools/mkfixtures.py
divmod-q-evt.obj	1c4da3b7de9da0fff57a88675281aa6b85c8e0945eaf080cae3a44d42b42356e	suite/divmod.bas	q-evt	BC /O /FPi /V /W /Zi /X DIVMOD.BAS, F34.OBJ;	de21556c94b588bfca06388a45f6e22362a7c9e153571f5a27c4f95b6740f5fa	DOSBox-X version 2026.06.02 SDL2, copyright 2011-2026 The DOSBox-X Team.	tools/mkfixtures.py
divmod-q-noO.obj	10550c27dbde32f9854e2fb29dbc2b1ab9f76b535901b4c5003ae841f0f2217a	suite/divmod.bas	q-noO	BC /FPi /Zi /X DIVMOD.BAS, F32.OBJ;	de21556c94b588bfca06388a45f6e22362a7c9e153571f5a27c4f95b6740f5fa	DOSBox-X version 2026.06.02 SDL2, copyright 2011-2026 The DOSBox-X Team.	tools/mkfixtures.py
divmod-v-evt.obj	6bd0af9e807a37d2ee4f1127c9704f245e0336555957a371c9a75e3e05eedaf4	suite/divmod.bas	v-evt	BC /O /FPi /R /G3 /E /V /W /Zi /X DIVMOD.BAS, F12.OBJ;	fa8a089bb6ec4a5dcd81705d704929e7c41894efcc09dc453e7e0311f9331efb	DOSBox-X version 2026.06.02 SDL2, copyright 2011-2026 The DOSBox-X Team.	tools/mkfixtures.py
divmod-v-g2.obj	4ae807ccd00110113ab422fe52fb807e022255364e91f5ed31514ce6bd53c909	suite/divmod.bas	v-g2	BC /O /FPi /R /G2 /E /Zi /X DIVMOD.BAS, F06.OBJ;	fa8a089bb6ec4a5dcd81705d704929e7c41894efcc09dc453e7e0311f9331efb	DOSBox-X version 2026.06.02 SDL2, copyright 2011-2026 The DOSBox-X Team.	tools/mkfixtures.py
divmod-v-g3-zd.obj	90c675146e69de6f2bc3396a94e1d8f81682f845aac4e74d90b41749b0882ae7	suite/divmod.bas	v-g3	BC /O /FPi /R /G3 /E /Zi /X /Zd DIVMOD.BAS, F02.OBJ;	fa8a089bb6ec4a5dcd81705d704929e7c41894efcc09dc453e7e0311f9331efb	DOSBox-X version 2026.06.02 SDL2, copyright 2011-2026 The DOSBox-X Team.	tools/mkfixtures.py
divmod-v-g3-zi.obj	13b019493b9218f0e1e8d36a36727d47c1570810fb455f00b5eee3fc8c975660	suite/divmod.bas	v-g3	BC /O /FPi /R /G3 /E /Zi /X /Zi DIVMOD.BAS, F04.OBJ;	fa8a089bb6ec4a5dcd81705d704929e7c41894efcc09dc453e7e0311f9331efb	DOSBox-X version 2026.06.02 SDL2, copyright 2011-2026 The DOSBox-X Team.	tools/mkfixtures.py
divmod-v-g3.obj	13b019493b9218f0e1e8d36a36727d47c1570810fb455f00b5eee3fc8c975660	suite/divmod.bas	v-g3	BC /O /FPi /R /G3 /E /Zi /X DIVMOD.BAS, F00.OBJ;	fa8a089bb6ec4a5dcd81705d704929e7c41894efcc09dc453e7e0311f9331efb	DOSBox-X version 2026.06.02 SDL2, copyright 2011-2026 The DOSBox-X Team.	tools/mkfixtures.py
divmod-v-noO.obj	b8dc50d4e1b41efbfee8efff1eb655579a94d6745af12eefbb8271d661a37e5f	suite/divmod.bas	v-noO	BC /FPi /R /G3 /E /Zi /X DIVMOD.BAS, F08.OBJ;	fa8a089bb6ec4a5dcd81705d704929e7c41894efcc09dc453e7e0311f9331efb	DOSBox-X version 2026.06.02 SDL2, copyright 2011-2026 The DOSBox-X Team.	tools/mkfixtures.py
divmod-v-plain.obj	674715fcb3be04a416b587bcd39d3413db6d7c88c3994eb501b0a48ea8d8409a	suite/divmod.bas	v-plain	BC /FPi /R /E /Zi /X DIVMOD.BAS, F10.OBJ;	fa8a089bb6ec4a5dcd81705d704929e7c41894efcc09dc453e7e0311f9331efb	DOSBox-X version 2026.06.02 SDL2, copyright 2011-2026 The DOSBox-X Team.	tools/mkfixtures.py
fpcse-p-evt.obj	e1d733edda93c9516a680b08a75511731e22b14d77d71e40d825abe73c8e4fbb	suite/fpcse.bas	p-evt	BC /O /FPi /G2 /V /W FPCSE.BAS, F153.OBJ;	3112bcc99a8d4d9e28bd16085a4592c3f251fea0dfaf0aa63ca4525d7611028d	DOSBox-X version 2026.06.02 SDL2, copyright 2011-2026 The DOSBox-X Team.	tools/mkfixtures.py
fpcse-p-g2-zd.obj	8a608671318cd1a142926663efd127626578ef6ace2a845cdc03bbb3bef0afd0	suite/fpcse.bas	p-g2	BC /O /FPi /G2 /Zd FPCSE.BAS, F111.OBJ;	3112bcc99a8d4d9e28bd16085a4592c3f251fea0dfaf0aa63ca4525d7611028d	DOSBox-X version 2026.06.02 SDL2, copyright 2011-2026 The DOSBox-X Team.	tools/mkfixtures.py
fpcse-p-g2.obj	5a51e71911442dea28110db691882aa111067ba657a3d94b6c559a414720bce3	suite/fpcse.bas	p-g2	BC /O /FPi /G2 FPCSE.BAS, F97.OBJ;	3112bcc99a8d4d9e28bd16085a4592c3f251fea0dfaf0aa63ca4525d7611028d	DOSBox-X version 2026.06.02 SDL2, copyright 2011-2026 The DOSBox-X Team.	tools/mkfixtures.py
fpcse-p-noO.obj	08e47a004e1475672dc07f82b811592c0447bc0289fc2c6aee3a5b3acd7fc0f3	suite/fpcse.bas	p-noO	BC /FPi /G2 FPCSE.BAS, F139.OBJ;	3112bcc99a8d4d9e28bd16085a4592c3f251fea0dfaf0aa63ca4525d7611028d	DOSBox-X version 2026.06.02 SDL2, copyright 2011-2026 The DOSBox-X Team.	tools/mkfixtures.py
fpcse-p-ot.obj	5a51e71911442dea28110db691882aa111067ba657a3d94b6c559a414720bce3	suite/fpcse.bas	p-ot	BC /O /FPi /G2 /Ot FPCSE.BAS, F125.OBJ;	3112bcc99a8d4d9e28bd16085a4592c3f251fea0dfaf0aa63ca4525d7611028d	DOSBox-X version 2026.06.02 SDL2, copyright 2011-2026 The DOSBox-X Team.	tools/mkfixtures.py
fpcse-q-O-zd.obj	7d10bcf95d19e5da0bd35784b8927a8204bdcd720e8eb6cc9134bed862353f1e	suite/fpcse.bas	q-O	BC /O /FPi /Zd FPCSE.BAS, F181.OBJ;	de21556c94b588bfca06388a45f6e22362a7c9e153571f5a27c4f95b6740f5fa	DOSBox-X version 2026.06.02 SDL2, copyright 2011-2026 The DOSBox-X Team.	tools/mkfixtures.py
fpcse-q-O.obj	91ab133d21f3464945bd824bf193959cd2f51d0056a20a3f6bed9477ac84c383	suite/fpcse.bas	q-O	BC /O /FPi FPCSE.BAS, F167.OBJ;	de21556c94b588bfca06388a45f6e22362a7c9e153571f5a27c4f95b6740f5fa	DOSBox-X version 2026.06.02 SDL2, copyright 2011-2026 The DOSBox-X Team.	tools/mkfixtures.py
fpcse-q-evt.obj	fc0ac0bd334dd950725386c5e7f8d60f3c624138e7395571a7efce6e719666e0	suite/fpcse.bas	q-evt	BC /O /FPi /V /W FPCSE.BAS, F209.OBJ;	de21556c94b588bfca06388a45f6e22362a7c9e153571f5a27c4f95b6740f5fa	DOSBox-X version 2026.06.02 SDL2, copyright 2011-2026 The DOSBox-X Team.	tools/mkfixtures.py
fpcse-q-noO.obj	76e8f7528054bc521a54f2cc6085fe5b8a13bdd42810e969a02a28dc813b4501	suite/fpcse.bas	q-noO	BC /FPi FPCSE.BAS, F195.OBJ;	de21556c94b588bfca06388a45f6e22362a7c9e153571f5a27c4f95b6740f5fa	DOSBox-X version 2026.06.02 SDL2, copyright 2011-2026 The DOSBox-X Team.	tools/mkfixtures.py
fpcse-v-evt.obj	a4a7b71a2e4b3ed91ade7e7fad29c66cdbbf4a05edcf462888eded1f3aea05bf	suite/fpcse.bas	v-evt	BC /O /FPi /R /G3 /E /V /W FPCSE.BAS, F83.OBJ;	fa8a089bb6ec4a5dcd81705d704929e7c41894efcc09dc453e7e0311f9331efb	DOSBox-X version 2026.06.02 SDL2, copyright 2011-2026 The DOSBox-X Team.	tools/mkfixtures.py
fpcse-v-g2.obj	327ab0fc68b06c320d2e102500eefb5f16201c9d5cd76036a2ff5e9b822b1c59	suite/fpcse.bas	v-g2	BC /O /FPi /R /G2 /E FPCSE.BAS, F41.OBJ;	fa8a089bb6ec4a5dcd81705d704929e7c41894efcc09dc453e7e0311f9331efb	DOSBox-X version 2026.06.02 SDL2, copyright 2011-2026 The DOSBox-X Team.	tools/mkfixtures.py
fpcse-v-g3-zd.obj	712480d75bd14061f7a13edd470002483ad27cf53fb7724e11200c462d8656fe	suite/fpcse.bas	v-g3	BC /O /FPi /R /G3 /E /Zd FPCSE.BAS, F27.OBJ;	fa8a089bb6ec4a5dcd81705d704929e7c41894efcc09dc453e7e0311f9331efb	DOSBox-X version 2026.06.02 SDL2, copyright 2011-2026 The DOSBox-X Team.	tools/mkfixtures.py
fpcse-v-g3.obj	ffcd7ea3b86c98cf43765e64c886cb57508028663676dded006a6b4d8ff5bc0b	suite/fpcse.bas	v-g3	BC /O /FPi /R /G3 /E FPCSE.BAS, F13.OBJ;	fa8a089bb6ec4a5dcd81705d704929e7c41894efcc09dc453e7e0311f9331efb	DOSBox-X version 2026.06.02 SDL2, copyright 2011-2026 The DOSBox-X Team.	tools/mkfixtures.py
fpcse-v-noO.obj	f141a5d8a1e8b6bd5109760c61728c54bf9368e29190a55e2e1b9b2bd27a710f	suite/fpcse.bas	v-noO	BC /FPi /R /G3 /E FPCSE.BAS, F55.OBJ;	fa8a089bb6ec4a5dcd81705d704929e7c41894efcc09dc453e7e0311f9331efb	DOSBox-X version 2026.06.02 SDL2, copyright 2011-2026 The DOSBox-X Team.	tools/mkfixtures.py
fpcse-v-plain.obj	621816160d20c638a6e643ecce957a5cc20016fca4d762a79a99c1d2386fb469	suite/fpcse.bas	v-plain	BC /FPi /R /E FPCSE.BAS, F69.OBJ;	fa8a089bb6ec4a5dcd81705d704929e7c41894efcc09dc453e7e0311f9331efb	DOSBox-X version 2026.06.02 SDL2, copyright 2011-2026 The DOSBox-X Team.	tools/mkfixtures.py
fpcsex-p-evt.obj	fc31f3963ab8da0e261078b39c2bdf20bca0e4a2e044299c51ce6dd25abc2091	suite/fpcsex.bas	p-evt	BC /O /FPi /G2 /V /W FPCSEX.BAS, F42.OBJ;	3112bcc99a8d4d9e28bd16085a4592c3f251fea0dfaf0aa63ca4525d7611028d	DOSBox-X version 2026.06.02 SDL2, copyright 2011-2026 The DOSBox-X Team.	tools/mkfixtures.py
fpcsex-p-g2-zd.obj	b26041e7820db1a130d557e56f0816310b09b22064a745a53057b2614a54d704	suite/fpcsex.bas	p-g2	BC /O /FPi /G2 /Zd FPCSEX.BAS, F30.OBJ;	3112bcc99a8d4d9e28bd16085a4592c3f251fea0dfaf0aa63ca4525d7611028d	DOSBox-X version 2026.06.02 SDL2, copyright 2011-2026 The DOSBox-X Team.	tools/mkfixtures.py
fpcsex-p-g2.obj	1dfe04c8578e4152091558338840c77e22f93b1493cda1e0c1d4eb8d84ceaf1f	suite/fpcsex.bas	p-g2	BC /O /FPi /G2 FPCSEX.BAS, F26.OBJ;	3112bcc99a8d4d9e28bd16085a4592c3f251fea0dfaf0aa63ca4525d7611028d	DOSBox-X version 2026.06.02 SDL2, copyright 2011-2026 The DOSBox-X Team.	tools/mkfixtures.py
fpcsex-p-noO.obj	7ac6252661cd6d5184e8f52c2763f7f6833b363b45642cc1e433acb9d570c5ff	suite/fpcsex.bas	p-noO	BC /FPi /G2 FPCSEX.BAS, F38.OBJ;	3112bcc99a8d4d9e28bd16085a4592c3f251fea0dfaf0aa63ca4525d7611028d	DOSBox-X version 2026.06.02 SDL2, copyright 2011-2026 The DOSBox-X Team.	tools/mkfixtures.py
fpcsex-p-ot.obj	1dfe04c8578e4152091558338840c77e22f93b1493cda1e0c1d4eb8d84ceaf1f	suite/fpcsex.bas	p-ot	BC /O /FPi /G2 /Ot FPCSEX.BAS, F34.OBJ;	3112bcc99a8d4d9e28bd16085a4592c3f251fea0dfaf0aa63ca4525d7611028d	DOSBox-X version 2026.06.02 SDL2, copyright 2011-2026 The DOSBox-X Team.	tools/mkfixtures.py
fpcsex-q-O-zd.obj	6af00de2902e467071a7e8fb08dc915e8246970d11845408b4fbc0d074f0c0af	suite/fpcsex.bas	q-O	BC /O /FPi /Zd FPCSEX.BAS, F50.OBJ;	de21556c94b588bfca06388a45f6e22362a7c9e153571f5a27c4f95b6740f5fa	DOSBox-X version 2026.06.02 SDL2, copyright 2011-2026 The DOSBox-X Team.	tools/mkfixtures.py
fpcsex-q-O.obj	de5347fdb1e162795732c1719e7bc253877e40b7866fbffbc468681401d511d6	suite/fpcsex.bas	q-O	BC /O /FPi FPCSEX.BAS, F46.OBJ;	de21556c94b588bfca06388a45f6e22362a7c9e153571f5a27c4f95b6740f5fa	DOSBox-X version 2026.06.02 SDL2, copyright 2011-2026 The DOSBox-X Team.	tools/mkfixtures.py
fpcsex-q-evt.obj	fb3ba06ebd175bdd5ff6e34832400d251678450f3110f1c5539ea6d388954fac	suite/fpcsex.bas	q-evt	BC /O /FPi /V /W FPCSEX.BAS, F58.OBJ;	de21556c94b588bfca06388a45f6e22362a7c9e153571f5a27c4f95b6740f5fa	DOSBox-X version 2026.06.02 SDL2, copyright 2011-2026 The DOSBox-X Team.	tools/mkfixtures.py
fpcsex-q-noO.obj	dfa788bbe01f34277795caa4e273f2bf21a2e9b44b5e1c0c973ac40be36f3ee7	suite/fpcsex.bas	q-noO	BC /FPi FPCSEX.BAS, F54.OBJ;	de21556c94b588bfca06388a45f6e22362a7c9e153571f5a27c4f95b6740f5fa	DOSBox-X version 2026.06.02 SDL2, copyright 2011-2026 The DOSBox-X Team.	tools/mkfixtures.py
fpcsex-v-evt.obj	c087935a4de8ec6eee52e4bf9d3d62ff1ea6b9a4d44af23c294855b383786495	suite/fpcsex.bas	v-evt	BC /O /FPi /R /G3 /E /V /W FPCSEX.BAS, F22.OBJ;	fa8a089bb6ec4a5dcd81705d704929e7c41894efcc09dc453e7e0311f9331efb	DOSBox-X version 2026.06.02 SDL2, copyright 2011-2026 The DOSBox-X Team.	tools/mkfixtures.py
fpcsex-v-g2.obj	0f8ad38881e93d9827f46a5530c132373ae901d9e2310d6141165c7fe7e0d131	suite/fpcsex.bas	v-g2	BC /O /FPi /R /G2 /E FPCSEX.BAS, F10.OBJ;	fa8a089bb6ec4a5dcd81705d704929e7c41894efcc09dc453e7e0311f9331efb	DOSBox-X version 2026.06.02 SDL2, copyright 2011-2026 The DOSBox-X Team.	tools/mkfixtures.py
fpcsex-v-g3-zd.obj	fdfc4c4870137a423be0e524faa5523e621ff95b723e0228a864149fb7f52d5d	suite/fpcsex.bas	v-g3	BC /O /FPi /R /G3 /E /Zd FPCSEX.BAS, F06.OBJ;	fa8a089bb6ec4a5dcd81705d704929e7c41894efcc09dc453e7e0311f9331efb	DOSBox-X version 2026.06.02 SDL2, copyright 2011-2026 The DOSBox-X Team.	tools/mkfixtures.py
fpcsex-v-g3.obj	d8e662b31f6650173ac3d2bb0477c2d18e4450af2f948862012d5993a7363945	suite/fpcsex.bas	v-g3	BC /O /FPi /R /G3 /E FPCSEX.BAS, F02.OBJ;	fa8a089bb6ec4a5dcd81705d704929e7c41894efcc09dc453e7e0311f9331efb	DOSBox-X version 2026.06.02 SDL2, copyright 2011-2026 The DOSBox-X Team.	tools/mkfixtures.py
fpcsex-v-noO.obj	db8b6b11c0d4455e3c07da661ce66f2fc650f1e4c625567b3fe3bff572c66be0	suite/fpcsex.bas	v-noO	BC /FPi /R /G3 /E FPCSEX.BAS, F14.OBJ;	fa8a089bb6ec4a5dcd81705d704929e7c41894efcc09dc453e7e0311f9331efb	DOSBox-X version 2026.06.02 SDL2, copyright 2011-2026 The DOSBox-X Team.	tools/mkfixtures.py
fpcsex-v-plain.obj	c1371235c67579e8ab1fe0ae75c0310cb80179ec5d01ca45a9c2f6fc85dda70b	suite/fpcsex.bas	v-plain	BC /FPi /R /E FPCSEX.BAS, F18.OBJ;	fa8a089bb6ec4a5dcd81705d704929e7c41894efcc09dc453e7e0311f9331efb	DOSBox-X version 2026.06.02 SDL2, copyright 2011-2026 The DOSBox-X Team.	tools/mkfixtures.py
fpdeep-p-evt.obj	c328024cc1d5b26b2247a069336c39ba433ac5c35bf89513b2607496b4e6dc70	suite/fpdeep.bas	p-evt	BC /O /FPi /G2 /V /W FPDEEP.BAS, F10.OBJ;	3112bcc99a8d4d9e28bd16085a4592c3f251fea0dfaf0aa63ca4525d7611028d	DOSBox-X version 2026.06.02 SDL2, copyright 2011-2026 The DOSBox-X Team.	tools/mkfixtures.py
fpdeep-p-g2-zd.obj	ee6f4d87c3af209d41055254c01979fd0484bd9acebc28775e5de0b4769e4cee	suite/fpdeep.bas	p-g2	BC /O /FPi /G2 /Zd FPDEEP.BAS, F07.OBJ;	3112bcc99a8d4d9e28bd16085a4592c3f251fea0dfaf0aa63ca4525d7611028d	DOSBox-X version 2026.06.02 SDL2, copyright 2011-2026 The DOSBox-X Team.	tools/mkfixtures.py
fpdeep-p-g2.obj	af15b6dc1332353f4bb35130f55b9de9c1b23aa33b71ebc53009a92446c22aa5	suite/fpdeep.bas	p-g2	BC /O /FPi /G2 FPDEEP.BAS, F06.OBJ;	3112bcc99a8d4d9e28bd16085a4592c3f251fea0dfaf0aa63ca4525d7611028d	DOSBox-X version 2026.06.02 SDL2, copyright 2011-2026 The DOSBox-X Team.	tools/mkfixtures.py
fpdeep-p-noO.obj	ee65b8cbfc7f44dd9fe7b89769f6463bf81ef86d90e536dd066256ade851674e	suite/fpdeep.bas	p-noO	BC /FPi /G2 FPDEEP.BAS, F09.OBJ;	3112bcc99a8d4d9e28bd16085a4592c3f251fea0dfaf0aa63ca4525d7611028d	DOSBox-X version 2026.06.02 SDL2, copyright 2011-2026 The DOSBox-X Team.	tools/mkfixtures.py
fpdeep-p-ot.obj	af15b6dc1332353f4bb35130f55b9de9c1b23aa33b71ebc53009a92446c22aa5	suite/fpdeep.bas	p-ot	BC /O /FPi /G2 /Ot FPDEEP.BAS, F08.OBJ;	3112bcc99a8d4d9e28bd16085a4592c3f251fea0dfaf0aa63ca4525d7611028d	DOSBox-X version 2026.06.02 SDL2, copyright 2011-2026 The DOSBox-X Team.	tools/mkfixtures.py
fpdeep-q-O-zd.obj	52c0bb21e2de8dee6de3d2aef706eaf44431b2b9fa7c73928e6af91e8b033dd7	suite/fpdeep.bas	q-O	BC /O /FPi /Zd FPDEEP.BAS, F12.OBJ;	de21556c94b588bfca06388a45f6e22362a7c9e153571f5a27c4f95b6740f5fa	DOSBox-X version 2026.06.02 SDL2, copyright 2011-2026 The DOSBox-X Team.	tools/mkfixtures.py
fpdeep-q-O.obj	65632a3e531a514148aa8fcbc0153c94900542d3ff9d29c1fb1bd366af2ef156	suite/fpdeep.bas	q-O	BC /O /FPi FPDEEP.BAS, F11.OBJ;	de21556c94b588bfca06388a45f6e22362a7c9e153571f5a27c4f95b6740f5fa	DOSBox-X version 2026.06.02 SDL2, copyright 2011-2026 The DOSBox-X Team.	tools/mkfixtures.py
fpdeep-q-evt.obj	3e0827fbaeed2f08b85b67e4d80ace15c0fc56a0aa2bc7687c56d67daa33ff87	suite/fpdeep.bas	q-evt	BC /O /FPi /V /W FPDEEP.BAS, F14.OBJ;	de21556c94b588bfca06388a45f6e22362a7c9e153571f5a27c4f95b6740f5fa	DOSBox-X version 2026.06.02 SDL2, copyright 2011-2026 The DOSBox-X Team.	tools/mkfixtures.py
fpdeep-q-noO.obj	a06087f667ff0eed0fd7922a1894611d8e29b2c675c4fb8f71992d02b2859043	suite/fpdeep.bas	q-noO	BC /FPi FPDEEP.BAS, F13.OBJ;	de21556c94b588bfca06388a45f6e22362a7c9e153571f5a27c4f95b6740f5fa	DOSBox-X version 2026.06.02 SDL2, copyright 2011-2026 The DOSBox-X Team.	tools/mkfixtures.py
fpdeep-v-evt.obj	c36c563945e56cea0007bfa41e593240874f8c81e29f77f31386f11dc7835354	suite/fpdeep.bas	v-evt	BC /O /FPi /R /G3 /E /V /W FPDEEP.BAS, F05.OBJ;	fa8a089bb6ec4a5dcd81705d704929e7c41894efcc09dc453e7e0311f9331efb	DOSBox-X version 2026.06.02 SDL2, copyright 2011-2026 The DOSBox-X Team.	tools/mkfixtures.py
fpdeep-v-g2.obj	bd2fb5f164243c53635c3a834a5df3d13e6a15962ed01be87705309a9916e0f3	suite/fpdeep.bas	v-g2	BC /O /FPi /R /G2 /E FPDEEP.BAS, F02.OBJ;	fa8a089bb6ec4a5dcd81705d704929e7c41894efcc09dc453e7e0311f9331efb	DOSBox-X version 2026.06.02 SDL2, copyright 2011-2026 The DOSBox-X Team.	tools/mkfixtures.py
fpdeep-v-g3-zd.obj	26b94352f42a6c9a8acc82fcd8afc054826eae7a7c8eb8866b4b70b129e70602	suite/fpdeep.bas	v-g3	BC /O /FPi /R /G3 /E /Zd FPDEEP.BAS, F01.OBJ;	fa8a089bb6ec4a5dcd81705d704929e7c41894efcc09dc453e7e0311f9331efb	DOSBox-X version 2026.06.02 SDL2, copyright 2011-2026 The DOSBox-X Team.	tools/mkfixtures.py
fpdeep-v-g3.obj	41b2082da1e621253ee8b80c38c9d1949b6d1572e2ac4d364ae3302df6dc46bb	suite/fpdeep.bas	v-g3	BC /O /FPi /R /G3 /E FPDEEP.BAS, F00.OBJ;	fa8a089bb6ec4a5dcd81705d704929e7c41894efcc09dc453e7e0311f9331efb	DOSBox-X version 2026.06.02 SDL2, copyright 2011-2026 The DOSBox-X Team.	tools/mkfixtures.py
fpdeep-v-noO.obj	491ab1837d4a6a438ac6b85ef5a52b7173c28ba31c11adbeb1f5f6051f646f9a	suite/fpdeep.bas	v-noO	BC /FPi /R /G3 /E FPDEEP.BAS, F03.OBJ;	fa8a089bb6ec4a5dcd81705d704929e7c41894efcc09dc453e7e0311f9331efb	DOSBox-X version 2026.06.02 SDL2, copyright 2011-2026 The DOSBox-X Team.	tools/mkfixtures.py
fpdeep-v-plain.obj	bc2164a85419fb3e17e8852f9dcdab265ef7dea37e7b35793f0fe84f7980b4ba	suite/fpdeep.bas	v-plain	BC /FPi /R /E FPDEEP.BAS, F04.OBJ;	fa8a089bb6ec4a5dcd81705d704929e7c41894efcc09dc453e7e0311f9331efb	DOSBox-X version 2026.06.02 SDL2, copyright 2011-2026 The DOSBox-X Team.	tools/mkfixtures.py
fpemu-p-evt.obj	2de662efb49a53e1b1c9cb5e9e64befb98aea789a953135bb7c1846f8becf9f3	suite/fpemu.bas	p-evt	BC /O /FPi /G2 /V /W FPEMU.BAS, F10.OBJ;	3112bcc99a8d4d9e28bd16085a4592c3f251fea0dfaf0aa63ca4525d7611028d	DOSBox-X version 2026.06.02 SDL2, copyright 2011-2026 The DOSBox-X Team.	tools/mkfixtures.py
fpemu-p-g2-zd.obj	d2aa3aa85704390ff82ff4878f313c52551bdb9934407f0b1ec3a61da00b3782	suite/fpemu.bas	p-g2	BC /O /FPi /G2 /Zd FPEMU.BAS, F07.OBJ;	3112bcc99a8d4d9e28bd16085a4592c3f251fea0dfaf0aa63ca4525d7611028d	DOSBox-X version 2026.06.02 SDL2, copyright 2011-2026 The DOSBox-X Team.	tools/mkfixtures.py
fpemu-p-g2.obj	ca6124458d6de8ee52297ef48bc359c68da5949b871d745895d7080ac7d8e782	suite/fpemu.bas	p-g2	BC /O /FPi /G2 FPEMU.BAS, F06.OBJ;	3112bcc99a8d4d9e28bd16085a4592c3f251fea0dfaf0aa63ca4525d7611028d	DOSBox-X version 2026.06.02 SDL2, copyright 2011-2026 The DOSBox-X Team.	tools/mkfixtures.py
fpemu-p-noO.obj	3d7ba4e2f4ec6bece8901691e358443d7a34f42f6ac09481c7dcd73e32fba4ff	suite/fpemu.bas	p-noO	BC /FPi /G2 FPEMU.BAS, F09.OBJ;	3112bcc99a8d4d9e28bd16085a4592c3f251fea0dfaf0aa63ca4525d7611028d	DOSBox-X version 2026.06.02 SDL2, copyright 2011-2026 The DOSBox-X Team.	tools/mkfixtures.py
fpemu-p-ot.obj	ca6124458d6de8ee52297ef48bc359c68da5949b871d745895d7080ac7d8e782	suite/fpemu.bas	p-ot	BC /O /FPi /G2 /Ot FPEMU.BAS, F08.OBJ;	3112bcc99a8d4d9e28bd16085a4592c3f251fea0dfaf0aa63ca4525d7611028d	DOSBox-X version 2026.06.02 SDL2, copyright 2011-2026 The DOSBox-X Team.	tools/mkfixtures.py
fpemu-q-O-zd.obj	8cbe5b95960504009e0a445022df14cdc66cf4446b0f5da91a3b6e2feca2f19b	suite/fpemu.bas	q-O	BC /O /FPi /Zd FPEMU.BAS, F12.OBJ;	de21556c94b588bfca06388a45f6e22362a7c9e153571f5a27c4f95b6740f5fa	DOSBox-X version 2026.06.02 SDL2, copyright 2011-2026 The DOSBox-X Team.	tools/mkfixtures.py
fpemu-q-O.obj	2f362c73bbf428826cb6cc97156664b601b5784fbc41d1d2b11d177e0527a2fe	suite/fpemu.bas	q-O	BC /O /FPi FPEMU.BAS, F11.OBJ;	de21556c94b588bfca06388a45f6e22362a7c9e153571f5a27c4f95b6740f5fa	DOSBox-X version 2026.06.02 SDL2, copyright 2011-2026 The DOSBox-X Team.	tools/mkfixtures.py
fpemu-q-evt.obj	13357d595ec2dfac97b34a78e905580b754188d793717835a9109aba08e4fdd2	suite/fpemu.bas	q-evt	BC /O /FPi /V /W FPEMU.BAS, F14.OBJ;	de21556c94b588bfca06388a45f6e22362a7c9e153571f5a27c4f95b6740f5fa	DOSBox-X version 2026.06.02 SDL2, copyright 2011-2026 The DOSBox-X Team.	tools/mkfixtures.py
fpemu-q-noO.obj	f422bf021f8f4fdfb09bf60cfde130c2b2b7819666c78cbf4d1721c531a3c4ab	suite/fpemu.bas	q-noO	BC /FPi FPEMU.BAS, F13.OBJ;	de21556c94b588bfca06388a45f6e22362a7c9e153571f5a27c4f95b6740f5fa	DOSBox-X version 2026.06.02 SDL2, copyright 2011-2026 The DOSBox-X Team.	tools/mkfixtures.py
fpemu-v-evt.obj	3d50c16b0a5a6e3bbd5880fa833cbe9f79a0b0b8d88b3363a5ea17714dcfd86a	suite/fpemu.bas	v-evt	BC /O /FPi /R /G3 /E /V /W FPEMU.BAS, F05.OBJ;	fa8a089bb6ec4a5dcd81705d704929e7c41894efcc09dc453e7e0311f9331efb	DOSBox-X version 2026.06.02 SDL2, copyright 2011-2026 The DOSBox-X Team.	tools/mkfixtures.py
fpemu-v-g2.obj	91e304669791e38167bc6def1bc1cd4a9958abfa95cf0ea91d45fb04a5206da4	suite/fpemu.bas	v-g2	BC /O /FPi /R /G2 /E FPEMU.BAS, F02.OBJ;	fa8a089bb6ec4a5dcd81705d704929e7c41894efcc09dc453e7e0311f9331efb	DOSBox-X version 2026.06.02 SDL2, copyright 2011-2026 The DOSBox-X Team.	tools/mkfixtures.py
fpemu-v-g3-zd.obj	06a303d5c84f35b565ab6112863394eb7333c3f9a16b891602b1f11f20fd1387	suite/fpemu.bas	v-g3	BC /O /FPi /R /G3 /E /Zd FPEMU.BAS, F01.OBJ;	fa8a089bb6ec4a5dcd81705d704929e7c41894efcc09dc453e7e0311f9331efb	DOSBox-X version 2026.06.02 SDL2, copyright 2011-2026 The DOSBox-X Team.	tools/mkfixtures.py
fpemu-v-g3.obj	fc247cd2d8c0393e003c234c4181a3a29bdd3eea53ff4adfd54630675ab0746a	suite/fpemu.bas	v-g3	BC /O /FPi /R /G3 /E FPEMU.BAS, F00.OBJ;	fa8a089bb6ec4a5dcd81705d704929e7c41894efcc09dc453e7e0311f9331efb	DOSBox-X version 2026.06.02 SDL2, copyright 2011-2026 The DOSBox-X Team.	tools/mkfixtures.py
fpemu-v-noO.obj	10949d91f813e618f589968ea19663d3c390c222770bea272229a739415b3c7c	suite/fpemu.bas	v-noO	BC /FPi /R /G3 /E FPEMU.BAS, F03.OBJ;	fa8a089bb6ec4a5dcd81705d704929e7c41894efcc09dc453e7e0311f9331efb	DOSBox-X version 2026.06.02 SDL2, copyright 2011-2026 The DOSBox-X Team.	tools/mkfixtures.py
fpemu-v-plain.obj	e7e022129721093a0890700a4fcbe90db9be27c0ace608b4b11a1d7ca92340f7	suite/fpemu.bas	v-plain	BC /FPi /R /E FPEMU.BAS, F04.OBJ;	fa8a089bb6ec4a5dcd81705d704929e7c41894efcc09dc453e7e0311f9331efb	DOSBox-X version 2026.06.02 SDL2, copyright 2011-2026 The DOSBox-X Team.	tools/mkfixtures.py
harr-p-evt.obj	47976a0c1cc175db0c97b79941dae5107adc0011185c4faba2a913ca7eb6262f	suite/harr.bas	p-evt	BC /O /FPi /G2 /V /W HARR.BAS, F152.OBJ;	3112bcc99a8d4d9e28bd16085a4592c3f251fea0dfaf0aa63ca4525d7611028d	DOSBox-X version 2026.06.02 SDL2, copyright 2011-2026 The DOSBox-X Team.	tools/mkfixtures.py
harr-p-g2-zd.obj	2ffbb1bcf4a2480597b4091e3fda20b0873bcc9e9fff33a292a9dddd67c3a706	suite/harr.bas	p-g2	BC /O /FPi /G2 /Zd HARR.BAS, F110.OBJ;	3112bcc99a8d4d9e28bd16085a4592c3f251fea0dfaf0aa63ca4525d7611028d	DOSBox-X version 2026.06.02 SDL2, copyright 2011-2026 The DOSBox-X Team.	tools/mkfixtures.py
harr-p-g2.obj	b7d57056904e010510cde463031bbb89948e83712483deaf6a1b2f88508b3bd3	suite/harr.bas	p-g2	BC /O /FPi /G2 HARR.BAS, F96.OBJ;	3112bcc99a8d4d9e28bd16085a4592c3f251fea0dfaf0aa63ca4525d7611028d	DOSBox-X version 2026.06.02 SDL2, copyright 2011-2026 The DOSBox-X Team.	tools/mkfixtures.py
harr-p-noO.obj	8e44324bf7231bd335e859ca5ad900a0a78908a14a540b6c84d6de60977af71d	suite/harr.bas	p-noO	BC /FPi /G2 HARR.BAS, F138.OBJ;	3112bcc99a8d4d9e28bd16085a4592c3f251fea0dfaf0aa63ca4525d7611028d	DOSBox-X version 2026.06.02 SDL2, copyright 2011-2026 The DOSBox-X Team.	tools/mkfixtures.py
harr-p-ot.obj	b7d57056904e010510cde463031bbb89948e83712483deaf6a1b2f88508b3bd3	suite/harr.bas	p-ot	BC /O /FPi /G2 /Ot HARR.BAS, F124.OBJ;	3112bcc99a8d4d9e28bd16085a4592c3f251fea0dfaf0aa63ca4525d7611028d	DOSBox-X version 2026.06.02 SDL2, copyright 2011-2026 The DOSBox-X Team.	tools/mkfixtures.py
harr-q-O-zd.obj	a253e84d0278c9f15024bbbedb604d8b0c49a044c9d17cce9d700845dd2cfa34	suite/harr.bas	q-O	BC /O /FPi /Zd HARR.BAS, F180.OBJ;	de21556c94b588bfca06388a45f6e22362a7c9e153571f5a27c4f95b6740f5fa	DOSBox-X version 2026.06.02 SDL2, copyright 2011-2026 The DOSBox-X Team.	tools/mkfixtures.py
harr-q-O.obj	d49f4b6618ff6a387add0d00de5749c12923876339dbb3770394d867e5b877f5	suite/harr.bas	q-O	BC /O /FPi HARR.BAS, F166.OBJ;	de21556c94b588bfca06388a45f6e22362a7c9e153571f5a27c4f95b6740f5fa	DOSBox-X version 2026.06.02 SDL2, copyright 2011-2026 The DOSBox-X Team.	tools/mkfixtures.py
harr-q-evt.obj	fa0d3410862b5348b9f241d85d573e4a1c8fdc98a743b1bf2d5a6396cee16926	suite/harr.bas	q-evt	BC /O /FPi /V /W HARR.BAS, F208.OBJ;	de21556c94b588bfca06388a45f6e22362a7c9e153571f5a27c4f95b6740f5fa	DOSBox-X version 2026.06.02 SDL2, copyright 2011-2026 The DOSBox-X Team.	tools/mkfixtures.py
harr-q-noO.obj	96ee70ccd2914cc436cb93909a1d4a65e456981a51f16d9a7379214b3b071c11	suite/harr.bas	q-noO	BC /FPi HARR.BAS, F194.OBJ;	de21556c94b588bfca06388a45f6e22362a7c9e153571f5a27c4f95b6740f5fa	DOSBox-X version 2026.06.02 SDL2, copyright 2011-2026 The DOSBox-X Team.	tools/mkfixtures.py
harr-v-evt.obj	9f4ac2973d024ee27170ccb5df0b29937e29cb3b46012229c0fa35cd8b1137e5	suite/harr.bas	v-evt	BC /O /FPi /R /G3 /E /V /W HARR.BAS, F82.OBJ;	fa8a089bb6ec4a5dcd81705d704929e7c41894efcc09dc453e7e0311f9331efb	DOSBox-X version 2026.06.02 SDL2, copyright 2011-2026 The DOSBox-X Team.	tools/mkfixtures.py
harr-v-g2.obj	15ba20206fd8921ac7cd4b7159453736be1ad2f808a056e1f251b36c7891a664	suite/harr.bas	v-g2	BC /O /FPi /R /G2 /E HARR.BAS, F40.OBJ;	fa8a089bb6ec4a5dcd81705d704929e7c41894efcc09dc453e7e0311f9331efb	DOSBox-X version 2026.06.02 SDL2, copyright 2011-2026 The DOSBox-X Team.	tools/mkfixtures.py
harr-v-g3-zd.obj	ba0937f3123dafb54001e0fd5cf34c5fb707a13c54f93800c72fad2409b4bfa1	suite/harr.bas	v-g3	BC /O /FPi /R /G3 /E /Zd HARR.BAS, F26.OBJ;	fa8a089bb6ec4a5dcd81705d704929e7c41894efcc09dc453e7e0311f9331efb	DOSBox-X version 2026.06.02 SDL2, copyright 2011-2026 The DOSBox-X Team.	tools/mkfixtures.py
harr-v-g3.obj	15ba20206fd8921ac7cd4b7159453736be1ad2f808a056e1f251b36c7891a664	suite/harr.bas	v-g3	BC /O /FPi /R /G3 /E HARR.BAS, F12.OBJ;	fa8a089bb6ec4a5dcd81705d704929e7c41894efcc09dc453e7e0311f9331efb	DOSBox-X version 2026.06.02 SDL2, copyright 2011-2026 The DOSBox-X Team.	tools/mkfixtures.py
harr-v-noO.obj	8afa59ae4eb692da911048dad97221e32cad0764ea6d9d8c21a95466ccba31a8	suite/harr.bas	v-noO	BC /FPi /R /G3 /E HARR.BAS, F54.OBJ;	fa8a089bb6ec4a5dcd81705d704929e7c41894efcc09dc453e7e0311f9331efb	DOSBox-X version 2026.06.02 SDL2, copyright 2011-2026 The DOSBox-X Team.	tools/mkfixtures.py
harr-v-plain.obj	d1c7ac3da8afbbf42a0f59830a4caeb0a9a228e39bcc2d8f72b8fce6a52c1b98	suite/harr.bas	v-plain	BC /FPi /R /E HARR.BAS, F68.OBJ;	fa8a089bb6ec4a5dcd81705d704929e7c41894efcc09dc453e7e0311f9331efb	DOSBox-X version 2026.06.02 SDL2, copyright 2011-2026 The DOSBox-X Team.	tools/mkfixtures.py
hotlop-p-evt.obj	d12e0676cf2a810dee6d7fc6f2913f2da56a7e033fe051d867b879d3a69e25fb	suite/hotlop.bas	p-evt	BC /O /FPi /G2 /V /W HOTLOP.BAS, F30.OBJ;	3112bcc99a8d4d9e28bd16085a4592c3f251fea0dfaf0aa63ca4525d7611028d	DOSBox-X version 2026.06.02 SDL2, copyright 2011-2026 The DOSBox-X Team.	tools/mkfixtures.py
hotlop-p-g2-zd.obj	c821048f46153f289b456db9c5d3a7b696b2ba0a5fd0be2907db35647b70d069	suite/hotlop.bas	p-g2	BC /O /FPi /G2 /Zd HOTLOP.BAS, F21.OBJ;	3112bcc99a8d4d9e28bd16085a4592c3f251fea0dfaf0aa63ca4525d7611028d	DOSBox-X version 2026.06.02 SDL2, copyright 2011-2026 The DOSBox-X Team.	tools/mkfixtures.py
hotlop-p-g2.obj	95ff8f475b6d50652793f59b9a060970c20940939c112570ff831048409fd884	suite/hotlop.bas	p-g2	BC /O /FPi /G2 HOTLOP.BAS, F18.OBJ;	3112bcc99a8d4d9e28bd16085a4592c3f251fea0dfaf0aa63ca4525d7611028d	DOSBox-X version 2026.06.02 SDL2, copyright 2011-2026 The DOSBox-X Team.	tools/mkfixtures.py
hotlop-p-noO.obj	00eeb097ae1b2f30ee3700a23b96f018ff35e1e3b835215ae503fef67f4aea3e	suite/hotlop.bas	p-noO	BC /FPi /G2 HOTLOP.BAS, F27.OBJ;	3112bcc99a8d4d9e28bd16085a4592c3f251fea0dfaf0aa63ca4525d7611028d	DOSBox-X version 2026.06.02 SDL2, copyright 2011-2026 The DOSBox-X Team.	tools/mkfixtures.py
hotlop-p-ot.obj	95ff8f475b6d50652793f59b9a060970c20940939c112570ff831048409fd884	suite/hotlop.bas	p-ot	BC /O /FPi /G2 /Ot HOTLOP.BAS, F24.OBJ;	3112bcc99a8d4d9e28bd16085a4592c3f251fea0dfaf0aa63ca4525d7611028d	DOSBox-X version 2026.06.02 SDL2, copyright 2011-2026 The DOSBox-X Team.	tools/mkfixtures.py
hotlop-q-O-zd.obj	0ef4ba4c7fa510de37617c7943749d4b12dffff6fc19a92f86e3e8bf3dff21b5	suite/hotlop.bas	q-O	BC /O /FPi /Zd HOTLOP.BAS, F36.OBJ;	de21556c94b588bfca06388a45f6e22362a7c9e153571f5a27c4f95b6740f5fa	DOSBox-X version 2026.06.02 SDL2, copyright 2011-2026 The DOSBox-X Team.	tools/mkfixtures.py
hotlop-q-O.obj	4b6bef013e8bbc5431556a7bc8e3e7f719cf12015e0fa997f39f75f290db64b4	suite/hotlop.bas	q-O	BC /O /FPi HOTLOP.BAS, F33.OBJ;	de21556c94b588bfca06388a45f6e22362a7c9e153571f5a27c4f95b6740f5fa	DOSBox-X version 2026.06.02 SDL2, copyright 2011-2026 The DOSBox-X Team.	tools/mkfixtures.py
hotlop-q-evt.obj	a7dda099a54baa24599d5795ed46b3619fedb74814cdafcd04ef0d62e845d1fd	suite/hotlop.bas	q-evt	BC /O /FPi /V /W HOTLOP.BAS, F42.OBJ;	de21556c94b588bfca06388a45f6e22362a7c9e153571f5a27c4f95b6740f5fa	DOSBox-X version 2026.06.02 SDL2, copyright 2011-2026 The DOSBox-X Team.	tools/mkfixtures.py
hotlop-q-noO.obj	955bf9a46518f80238921384fe4569f8b6bb0b10cebff71ec12c62e24f9c8bd1	suite/hotlop.bas	q-noO	BC /FPi HOTLOP.BAS, F39.OBJ;	de21556c94b588bfca06388a45f6e22362a7c9e153571f5a27c4f95b6740f5fa	DOSBox-X version 2026.06.02 SDL2, copyright 2011-2026 The DOSBox-X Team.	tools/mkfixtures.py
hotlop-v-evt.obj	d81f26a6a5d72379a51c9e95a1ae0898e46119319670f81c10dac3cee31fda36	suite/hotlop.bas	v-evt	BC /O /FPi /R /G3 /E /V /W HOTLOP.BAS, F15.OBJ;	fa8a089bb6ec4a5dcd81705d704929e7c41894efcc09dc453e7e0311f9331efb	DOSBox-X version 2026.06.02 SDL2, copyright 2011-2026 The DOSBox-X Team.	tools/mkfixtures.py
hotlop-v-g2.obj	07405501c84179c4f42c6eb3eeeb8d5572d31af3522bb0ae07521c967f546c60	suite/hotlop.bas	v-g2	BC /O /FPi /R /G2 /E HOTLOP.BAS, F06.OBJ;	fa8a089bb6ec4a5dcd81705d704929e7c41894efcc09dc453e7e0311f9331efb	DOSBox-X version 2026.06.02 SDL2, copyright 2011-2026 The DOSBox-X Team.	tools/mkfixtures.py
hotlop-v-g3-zd.obj	5a63a97df7be2f229d33dc084b0e0a495480b472e0fcd10a43dbd69381abba24	suite/hotlop.bas	v-g3	BC /O /FPi /R /G3 /E /Zd HOTLOP.BAS, F03.OBJ;	fa8a089bb6ec4a5dcd81705d704929e7c41894efcc09dc453e7e0311f9331efb	DOSBox-X version 2026.06.02 SDL2, copyright 2011-2026 The DOSBox-X Team.	tools/mkfixtures.py
hotlop-v-g3.obj	07405501c84179c4f42c6eb3eeeb8d5572d31af3522bb0ae07521c967f546c60	suite/hotlop.bas	v-g3	BC /O /FPi /R /G3 /E HOTLOP.BAS, F00.OBJ;	fa8a089bb6ec4a5dcd81705d704929e7c41894efcc09dc453e7e0311f9331efb	DOSBox-X version 2026.06.02 SDL2, copyright 2011-2026 The DOSBox-X Team.	tools/mkfixtures.py
hotlop-v-noO.obj	b0f93b55f072ce8848836ce36d4c3085a7470c76b8c3e65de5eec946f3f47c7f	suite/hotlop.bas	v-noO	BC /FPi /R /G3 /E HOTLOP.BAS, F09.OBJ;	fa8a089bb6ec4a5dcd81705d704929e7c41894efcc09dc453e7e0311f9331efb	DOSBox-X version 2026.06.02 SDL2, copyright 2011-2026 The DOSBox-X Team.	tools/mkfixtures.py
hotlop-v-plain.obj	8652b4d7d697a637eae657d4e2561251e2237a1c7ded1550370594d930a4e0e4	suite/hotlop.bas	v-plain	BC /FPi /R /E HOTLOP.BAS, F12.OBJ;	fa8a089bb6ec4a5dcd81705d704929e7c41894efcc09dc453e7e0311f9331efb	DOSBox-X version 2026.06.02 SDL2, copyright 2011-2026 The DOSBox-X Team.	tools/mkfixtures.py
hotlpx-p-evt.obj	51e29392dc9cce57f4e25debcccec62cd3fed6f349857fedd6708d7cf78c8d3f	suite/hotlpx.bas	p-evt	BC /O /FPi /G2 /V /W HOTLPX.BAS, F40.OBJ;	3112bcc99a8d4d9e28bd16085a4592c3f251fea0dfaf0aa63ca4525d7611028d	DOSBox-X version 2026.06.02 SDL2, copyright 2011-2026 The DOSBox-X Team.	tools/mkfixtures.py
hotlpx-p-g2-zd.obj	4df92b04dbd971aa464c4faffe0cd518f26860c0c8f7ef6f09483544b5c7b5b6	suite/hotlpx.bas	p-g2	BC /O /FPi /G2 /Zd HOTLPX.BAS, F28.OBJ;	3112bcc99a8d4d9e28bd16085a4592c3f251fea0dfaf0aa63ca4525d7611028d	DOSBox-X version 2026.06.02 SDL2, copyright 2011-2026 The DOSBox-X Team.	tools/mkfixtures.py
hotlpx-p-g2.obj	5ab4e652ca30a8595a446f9ef0208880d95e4b2fde6c6bc2054a8411920cfc19	suite/hotlpx.bas	p-g2	BC /O /FPi /G2 HOTLPX.BAS, F24.OBJ;	3112bcc99a8d4d9e28bd16085a4592c3f251fea0dfaf0aa63ca4525d7611028d	DOSBox-X version 2026.06.02 SDL2, copyright 2011-2026 The DOSBox-X Team.	tools/mkfixtures.py
hotlpx-p-noO.obj	8f0a0ddddc99de50e283f96400fca4d3847eca7f78868b73ffafd3d999d42b7e	suite/hotlpx.bas	p-noO	BC /FPi /G2 HOTLPX.BAS, F36.OBJ;	3112bcc99a8d4d9e28bd16085a4592c3f251fea0dfaf0aa63ca4525d7611028d	DOSBox-X version 2026.06.02 SDL2, copyright 2011-2026 The DOSBox-X Team.	tools/mkfixtures.py
hotlpx-p-ot.obj	5ab4e652ca30a8595a446f9ef0208880d95e4b2fde6c6bc2054a8411920cfc19	suite/hotlpx.bas	p-ot	BC /O /FPi /G2 /Ot HOTLPX.BAS, F32.OBJ;	3112bcc99a8d4d9e28bd16085a4592c3f251fea0dfaf0aa63ca4525d7611028d	DOSBox-X version 2026.06.02 SDL2, copyright 2011-2026 The DOSBox-X Team.	tools/mkfixtures.py
hotlpx-q-O-zd.obj	bead06d4b7676e35ce925d38deec78c9dd1f4fd897483af66f732a5530710760	suite/hotlpx.bas	q-O	BC /O /FPi /Zd HOTLPX.BAS, F48.OBJ;	de21556c94b588bfca06388a45f6e22362a7c9e153571f5a27c4f95b6740f5fa	DOSBox-X version 2026.06.02 SDL2, copyright 2011-2026 The DOSBox-X Team.	tools/mkfixtures.py
hotlpx-q-O.obj	418ccc6e2eda84dc736ca4f21172bddb66fc0802bce840326d892d7e8acf0225	suite/hotlpx.bas	q-O	BC /O /FPi HOTLPX.BAS, F44.OBJ;	de21556c94b588bfca06388a45f6e22362a7c9e153571f5a27c4f95b6740f5fa	DOSBox-X version 2026.06.02 SDL2, copyright 2011-2026 The DOSBox-X Team.	tools/mkfixtures.py
hotlpx-q-evt.obj	4e7a9a13f892cec9b46ef31e2eb2cdf6b3b89cfc953a56331a275a95ebc7ff65	suite/hotlpx.bas	q-evt	BC /O /FPi /V /W HOTLPX.BAS, F56.OBJ;	de21556c94b588bfca06388a45f6e22362a7c9e153571f5a27c4f95b6740f5fa	DOSBox-X version 2026.06.02 SDL2, copyright 2011-2026 The DOSBox-X Team.	tools/mkfixtures.py
hotlpx-q-noO.obj	2ea35622cf6c3a2eba09464350d0e69705bd33d9b345983c62d6fad1effa520a	suite/hotlpx.bas	q-noO	BC /FPi HOTLPX.BAS, F52.OBJ;	de21556c94b588bfca06388a45f6e22362a7c9e153571f5a27c4f95b6740f5fa	DOSBox-X version 2026.06.02 SDL2, copyright 2011-2026 The DOSBox-X Team.	tools/mkfixtures.py
hotlpx-v-evt.obj	5f36a47a9f02b887e78b222bde0be23b37d90cb685b9449a11780b0dda0eca52	suite/hotlpx.bas	v-evt	BC /O /FPi /R /G3 /E /V /W HOTLPX.BAS, F20.OBJ;	fa8a089bb6ec4a5dcd81705d704929e7c41894efcc09dc453e7e0311f9331efb	DOSBox-X version 2026.06.02 SDL2, copyright 2011-2026 The DOSBox-X Team.	tools/mkfixtures.py
hotlpx-v-g2.obj	68a259a880765037cb43014a1c6be7c6e12dbb91ecdb47fad4caa302a47aff9b	suite/hotlpx.bas	v-g2	BC /O /FPi /R /G2 /E HOTLPX.BAS, F08.OBJ;	fa8a089bb6ec4a5dcd81705d704929e7c41894efcc09dc453e7e0311f9331efb	DOSBox-X version 2026.06.02 SDL2, copyright 2011-2026 The DOSBox-X Team.	tools/mkfixtures.py
hotlpx-v-g3-zd.obj	870b17e9e46f689afc53d290f48920b93e4ab95eb1e0383be10818b54a70aa81	suite/hotlpx.bas	v-g3	BC /O /FPi /R /G3 /E /Zd HOTLPX.BAS, F04.OBJ;	fa8a089bb6ec4a5dcd81705d704929e7c41894efcc09dc453e7e0311f9331efb	DOSBox-X version 2026.06.02 SDL2, copyright 2011-2026 The DOSBox-X Team.	tools/mkfixtures.py
hotlpx-v-g3.obj	68a259a880765037cb43014a1c6be7c6e12dbb91ecdb47fad4caa302a47aff9b	suite/hotlpx.bas	v-g3	BC /O /FPi /R /G3 /E HOTLPX.BAS, F00.OBJ;	fa8a089bb6ec4a5dcd81705d704929e7c41894efcc09dc453e7e0311f9331efb	DOSBox-X version 2026.06.02 SDL2, copyright 2011-2026 The DOSBox-X Team.	tools/mkfixtures.py
hotlpx-v-noO.obj	b384512fd9688e59f8c975b5b2b508d8b3efea90cb80999d4a892e3df2c45f8a	suite/hotlpx.bas	v-noO	BC /FPi /R /G3 /E HOTLPX.BAS, F12.OBJ;	fa8a089bb6ec4a5dcd81705d704929e7c41894efcc09dc453e7e0311f9331efb	DOSBox-X version 2026.06.02 SDL2, copyright 2011-2026 The DOSBox-X Team.	tools/mkfixtures.py
hotlpx-v-plain.obj	41cd96b69941febdcde9126b9a07a7f6b5c18e618158acb853b0d3255ba651c7	suite/hotlpx.bas	v-plain	BC /FPi /R /E HOTLPX.BAS, F16.OBJ;	fa8a089bb6ec4a5dcd81705d704929e7c41894efcc09dc453e7e0311f9331efb	DOSBox-X version 2026.06.02 SDL2, copyright 2011-2026 The DOSBox-X Team.	tools/mkfixtures.py
ivchan-p-evt.obj	10bac260341327678897e4be9f55e51e5d65d6ac1e0bd4e158acab1c81fd06d9	suite/ivchan.bas	p-evt	BC /O /FPi /G2 /V /W IVCHAN.BAS, F143.OBJ;	3112bcc99a8d4d9e28bd16085a4592c3f251fea0dfaf0aa63ca4525d7611028d	DOSBox-X version 2026.06.02 SDL2, copyright 2011-2026 The DOSBox-X Team.	tools/mkfixtures.py
ivchan-p-g2-zd.obj	477d3d7818ec37234b21b7bd824d7955c2ffe9a34577208da82620b503c68b48	suite/ivchan.bas	p-g2	BC /O /FPi /G2 /Zd IVCHAN.BAS, F101.OBJ;	3112bcc99a8d4d9e28bd16085a4592c3f251fea0dfaf0aa63ca4525d7611028d	DOSBox-X version 2026.06.02 SDL2, copyright 2011-2026 The DOSBox-X Team.	tools/mkfixtures.py
ivchan-p-g2.obj	ac2ac6b307c12e20010e180257270008e20d61b48c476d77cdfa74c148cfb8ef	suite/ivchan.bas	p-g2	BC /O /FPi /G2 IVCHAN.BAS, F87.OBJ;	3112bcc99a8d4d9e28bd16085a4592c3f251fea0dfaf0aa63ca4525d7611028d	DOSBox-X version 2026.06.02 SDL2, copyright 2011-2026 The DOSBox-X Team.	tools/mkfixtures.py
ivchan-p-noO.obj	05af001e2eee7daedd322b5f6c546fd4666892f7d26d4ae6b132b85764c382b0	suite/ivchan.bas	p-noO	BC /FPi /G2 IVCHAN.BAS, F129.OBJ;	3112bcc99a8d4d9e28bd16085a4592c3f251fea0dfaf0aa63ca4525d7611028d	DOSBox-X version 2026.06.02 SDL2, copyright 2011-2026 The DOSBox-X Team.	tools/mkfixtures.py
ivchan-p-ot.obj	ac2ac6b307c12e20010e180257270008e20d61b48c476d77cdfa74c148cfb8ef	suite/ivchan.bas	p-ot	BC /O /FPi /G2 /Ot IVCHAN.BAS, F115.OBJ;	3112bcc99a8d4d9e28bd16085a4592c3f251fea0dfaf0aa63ca4525d7611028d	DOSBox-X version 2026.06.02 SDL2, copyright 2011-2026 The DOSBox-X Team.	tools/mkfixtures.py
ivchan-q-O-zd.obj	e1b92576f1407fefed0773631597cf74f0c4eb44d483e2d5ec697d341663bad4	suite/ivchan.bas	q-O	BC /O /FPi /Zd IVCHAN.BAS, F171.OBJ;	de21556c94b588bfca06388a45f6e22362a7c9e153571f5a27c4f95b6740f5fa	DOSBox-X version 2026.06.02 SDL2, copyright 2011-2026 The DOSBox-X Team.	tools/mkfixtures.py
ivchan-q-O.obj	dbe9e96287fd483072861a87c11976e83d038aa26a428be1b317c2c5f4437d1b	suite/ivchan.bas	q-O	BC /O /FPi IVCHAN.BAS, F157.OBJ;	de21556c94b588bfca06388a45f6e22362a7c9e153571f5a27c4f95b6740f5fa	DOSBox-X version 2026.06.02 SDL2, copyright 2011-2026 The DOSBox-X Team.	tools/mkfixtures.py
ivchan-q-evt.obj	ff2f47bbf878ef1dae24446a432ce8cdf54c49f5487681a00e2bc2fe3a7c84b6	suite/ivchan.bas	q-evt	BC /O /FPi /V /W IVCHAN.BAS, F199.OBJ;	de21556c94b588bfca06388a45f6e22362a7c9e153571f5a27c4f95b6740f5fa	DOSBox-X version 2026.06.02 SDL2, copyright 2011-2026 The DOSBox-X Team.	tools/mkfixtures.py
ivchan-q-noO.obj	6d091b9135da6648a15d9f90cd074940a093b4b0b77602fa8ffb3cc51113fbf8	suite/ivchan.bas	q-noO	BC /FPi IVCHAN.BAS, F185.OBJ;	de21556c94b588bfca06388a45f6e22362a7c9e153571f5a27c4f95b6740f5fa	DOSBox-X version 2026.06.02 SDL2, copyright 2011-2026 The DOSBox-X Team.	tools/mkfixtures.py
ivchan-v-evt.obj	748b65205410f0ec3803509b10f8f36e4328a8e7eb018a7e330f9ab2edeb30d9	suite/ivchan.bas	v-evt	BC /O /FPi /R /G3 /E /V /W IVCHAN.BAS, F73.OBJ;	fa8a089bb6ec4a5dcd81705d704929e7c41894efcc09dc453e7e0311f9331efb	DOSBox-X version 2026.06.02 SDL2, copyright 2011-2026 The DOSBox-X Team.	tools/mkfixtures.py
ivchan-v-g2.obj	64e3c50b2686253c43dc6adca23804008c1b32e938ff90112eec781ef4c8eba0	suite/ivchan.bas	v-g2	BC /O /FPi /R /G2 /E IVCHAN.BAS, F31.OBJ;	fa8a089bb6ec4a5dcd81705d704929e7c41894efcc09dc453e7e0311f9331efb	DOSBox-X version 2026.06.02 SDL2, copyright 2011-2026 The DOSBox-X Team.	tools/mkfixtures.py
ivchan-v-g3-zd.obj	e8a87cd8b44b7ed488a0cc0998e871b99db55fee1c4d0d1e4b7f61db68ebccd6	suite/ivchan.bas	v-g3	BC /O /FPi /R /G3 /E /Zd IVCHAN.BAS, F17.OBJ;	fa8a089bb6ec4a5dcd81705d704929e7c41894efcc09dc453e7e0311f9331efb	DOSBox-X version 2026.06.02 SDL2, copyright 2011-2026 The DOSBox-X Team.	tools/mkfixtures.py
ivchan-v-g3.obj	64e3c50b2686253c43dc6adca23804008c1b32e938ff90112eec781ef4c8eba0	suite/ivchan.bas	v-g3	BC /O /FPi /R /G3 /E IVCHAN.BAS, F03.OBJ;	fa8a089bb6ec4a5dcd81705d704929e7c41894efcc09dc453e7e0311f9331efb	DOSBox-X version 2026.06.02 SDL2, copyright 2011-2026 The DOSBox-X Team.	tools/mkfixtures.py
ivchan-v-noO.obj	9eb3b1d75b99d0b4c10076efb319933aa5d052b08034b5345f61e8a7d45a12b6	suite/ivchan.bas	v-noO	BC /FPi /R /G3 /E IVCHAN.BAS, F45.OBJ;	fa8a089bb6ec4a5dcd81705d704929e7c41894efcc09dc453e7e0311f9331efb	DOSBox-X version 2026.06.02 SDL2, copyright 2011-2026 The DOSBox-X Team.	tools/mkfixtures.py
ivchan-v-plain.obj	cec26a36e22d7b021c0fa6efd9d0cb17815545e1ac20f1d7fd75183abf51453a	suite/ivchan.bas	v-plain	BC /FPi /R /E IVCHAN.BAS, F59.OBJ;	fa8a089bb6ec4a5dcd81705d704929e7c41894efcc09dc453e7e0311f9331efb	DOSBox-X version 2026.06.02 SDL2, copyright 2011-2026 The DOSBox-X Team.	tools/mkfixtures.py
jumptable.obj	34940e4411010af8b011cb5eb96e286728df56151cfee2d2f226f8064a333779	unrecorded -- predates this script, provenance lost	unknown	unknown	unknown	unknown	unknown
lngmix-p-evt.obj	2ed4699d65c3fef3d571b4c57e636a5800662c58133f852c32a8f7df6509a64a	suite/lngmix.bas	p-evt	BC /O /FPi /G2 /V /W LNGMIX.BAS, F142.OBJ;	3112bcc99a8d4d9e28bd16085a4592c3f251fea0dfaf0aa63ca4525d7611028d	DOSBox-X version 2026.06.02 SDL2, copyright 2011-2026 The DOSBox-X Team.	tools/mkfixtures.py
lngmix-p-g2-zd.obj	7f6a7430c2db760e18751f40c184050823c961cdeef1580eb03578dc148f3770	suite/lngmix.bas	p-g2	BC /O /FPi /G2 /Zd LNGMIX.BAS, F100.OBJ;	3112bcc99a8d4d9e28bd16085a4592c3f251fea0dfaf0aa63ca4525d7611028d	DOSBox-X version 2026.06.02 SDL2, copyright 2011-2026 The DOSBox-X Team.	tools/mkfixtures.py
lngmix-p-g2.obj	392337b9c229b49fef36b77850c0ab4a71a94a0b72171487b37e22691b882906	suite/lngmix.bas	p-g2	BC /O /FPi /G2 LNGMIX.BAS, F86.OBJ;	3112bcc99a8d4d9e28bd16085a4592c3f251fea0dfaf0aa63ca4525d7611028d	DOSBox-X version 2026.06.02 SDL2, copyright 2011-2026 The DOSBox-X Team.	tools/mkfixtures.py
lngmix-p-noO.obj	3f4cc5d3011897cdf1436296c34ce2a4295bedfd1665d72c2d330a6bf82b95ba	suite/lngmix.bas	p-noO	BC /FPi /G2 LNGMIX.BAS, F128.OBJ;	3112bcc99a8d4d9e28bd16085a4592c3f251fea0dfaf0aa63ca4525d7611028d	DOSBox-X version 2026.06.02 SDL2, copyright 2011-2026 The DOSBox-X Team.	tools/mkfixtures.py
lngmix-p-ot.obj	392337b9c229b49fef36b77850c0ab4a71a94a0b72171487b37e22691b882906	suite/lngmix.bas	p-ot	BC /O /FPi /G2 /Ot LNGMIX.BAS, F114.OBJ;	3112bcc99a8d4d9e28bd16085a4592c3f251fea0dfaf0aa63ca4525d7611028d	DOSBox-X version 2026.06.02 SDL2, copyright 2011-2026 The DOSBox-X Team.	tools/mkfixtures.py
lngmix-q-O-zd.obj	6af9e038ce4f4ab2b20a9ceeaf7ef124da45257a65174d1698e3033bc9525b0e	suite/lngmix.bas	q-O	BC /O /FPi /Zd LNGMIX.BAS, F170.OBJ;	de21556c94b588bfca06388a45f6e22362a7c9e153571f5a27c4f95b6740f5fa	DOSBox-X version 2026.06.02 SDL2, copyright 2011-2026 The DOSBox-X Team.	tools/mkfixtures.py
lngmix-q-O.obj	b3668231eff39d918e24d8c4922f8205d28c7306ffbdd0e29f9f1531dee90f25	suite/lngmix.bas	q-O	BC /O /FPi LNGMIX.BAS, F156.OBJ;	de21556c94b588bfca06388a45f6e22362a7c9e153571f5a27c4f95b6740f5fa	DOSBox-X version 2026.06.02 SDL2, copyright 2011-2026 The DOSBox-X Team.	tools/mkfixtures.py
lngmix-q-evt.obj	d6692aa85a8b20b2454a5db218cd5b84aa575fc7e6ea9e806a2ca9192ff3989c	suite/lngmix.bas	q-evt	BC /O /FPi /V /W LNGMIX.BAS, F198.OBJ;	de21556c94b588bfca06388a45f6e22362a7c9e153571f5a27c4f95b6740f5fa	DOSBox-X version 2026.06.02 SDL2, copyright 2011-2026 The DOSBox-X Team.	tools/mkfixtures.py
lngmix-q-noO.obj	ed73a3177647e5dd990535c5834d4427784e968f2595d014830234205f2229aa	suite/lngmix.bas	q-noO	BC /FPi LNGMIX.BAS, F184.OBJ;	de21556c94b588bfca06388a45f6e22362a7c9e153571f5a27c4f95b6740f5fa	DOSBox-X version 2026.06.02 SDL2, copyright 2011-2026 The DOSBox-X Team.	tools/mkfixtures.py
lngmix-v-evt.obj	28b830fcc6d88a8ccc5b039305d9e0bb580900f668fe08fc2c9035afc892383e	suite/lngmix.bas	v-evt	BC /O /FPi /R /G3 /E /V /W LNGMIX.BAS, F72.OBJ;	fa8a089bb6ec4a5dcd81705d704929e7c41894efcc09dc453e7e0311f9331efb	DOSBox-X version 2026.06.02 SDL2, copyright 2011-2026 The DOSBox-X Team.	tools/mkfixtures.py
lngmix-v-g2.obj	86c85e3c810c46d5fbf06474ac5ea6285bade031f1deeeb4c15ca8c7f3524f9b	suite/lngmix.bas	v-g2	BC /O /FPi /R /G2 /E LNGMIX.BAS, F30.OBJ;	fa8a089bb6ec4a5dcd81705d704929e7c41894efcc09dc453e7e0311f9331efb	DOSBox-X version 2026.06.02 SDL2, copyright 2011-2026 The DOSBox-X Team.	tools/mkfixtures.py
lngmix-v-g3-zd.obj	8075eea6e88b84f6b2d742a2ba18334d40cb8a31e16425648d090c0e53f9fc9c	suite/lngmix.bas	v-g3	BC /O /FPi /R /G3 /E /Zd LNGMIX.BAS, F16.OBJ;	fa8a089bb6ec4a5dcd81705d704929e7c41894efcc09dc453e7e0311f9331efb	DOSBox-X version 2026.06.02 SDL2, copyright 2011-2026 The DOSBox-X Team.	tools/mkfixtures.py
lngmix-v-g3.obj	01278bd25fc6f58ffbcc13a7973858d27e4438dcfb561b2be5d00ebcb3f929ff	suite/lngmix.bas	v-g3	BC /O /FPi /R /G3 /E LNGMIX.BAS, F02.OBJ;	fa8a089bb6ec4a5dcd81705d704929e7c41894efcc09dc453e7e0311f9331efb	DOSBox-X version 2026.06.02 SDL2, copyright 2011-2026 The DOSBox-X Team.	tools/mkfixtures.py
lngmix-v-noO.obj	0cebe969d94050d35bf92fd59c2af4935c71f5bb5c05b45a6e9b4fef3dc1bb94	suite/lngmix.bas	v-noO	BC /FPi /R /G3 /E LNGMIX.BAS, F44.OBJ;	fa8a089bb6ec4a5dcd81705d704929e7c41894efcc09dc453e7e0311f9331efb	DOSBox-X version 2026.06.02 SDL2, copyright 2011-2026 The DOSBox-X Team.	tools/mkfixtures.py
lngmix-v-plain.obj	a5cbd59d29ace91afce81cb9089a6d8bacceb6f8b7e28c09ed6ae1aeb0e6f1f5	suite/lngmix.bas	v-plain	BC /FPi /R /E LNGMIX.BAS, F58.OBJ;	fa8a089bb6ec4a5dcd81705d704929e7c41894efcc09dc453e7e0311f9331efb	DOSBox-X version 2026.06.02 SDL2, copyright 2011-2026 The DOSBox-X Team.	tools/mkfixtures.py
lngmxx-p-evt.obj	c5f88b55ae7ccc911d37371de0091b2a06453bcef284ef52139b007244aca05c	suite/lngmxx.bas	p-evt	BC /O /FPi /G2 /V /W LNGMXX.BAS, F43.OBJ;	3112bcc99a8d4d9e28bd16085a4592c3f251fea0dfaf0aa63ca4525d7611028d	DOSBox-X version 2026.06.02 SDL2, copyright 2011-2026 The DOSBox-X Team.	tools/mkfixtures.py
lngmxx-p-g2-zd.obj	93378ffe4bbd46242ddac7976dc856216fa713b2de0155fb53a0c59e3009137d	suite/lngmxx.bas	p-g2	BC /O /FPi /G2 /Zd LNGMXX.BAS, F31.OBJ;	3112bcc99a8d4d9e28bd16085a4592c3f251fea0dfaf0aa63ca4525d7611028d	DOSBox-X version 2026.06.02 SDL2, copyright 2011-2026 The DOSBox-X Team.	tools/mkfixtures.py
lngmxx-p-g2.obj	535f7113d2aaec5c49f20b1bed4ec8de4151a7f77c48db89c62c1fa3d23034f6	suite/lngmxx.bas	p-g2	BC /O /FPi /G2 LNGMXX.BAS, F27.OBJ;	3112bcc99a8d4d9e28bd16085a4592c3f251fea0dfaf0aa63ca4525d7611028d	DOSBox-X version 2026.06.02 SDL2, copyright 2011-2026 The DOSBox-X Team.	tools/mkfixtures.py
lngmxx-p-noO.obj	c06d03a62fe5d3496ec9316e4bb686763192193027b8b615320d60785faf6502	suite/lngmxx.bas	p-noO	BC /FPi /G2 LNGMXX.BAS, F39.OBJ;	3112bcc99a8d4d9e28bd16085a4592c3f251fea0dfaf0aa63ca4525d7611028d	DOSBox-X version 2026.06.02 SDL2, copyright 2011-2026 The DOSBox-X Team.	tools/mkfixtures.py
lngmxx-p-ot.obj	535f7113d2aaec5c49f20b1bed4ec8de4151a7f77c48db89c62c1fa3d23034f6	suite/lngmxx.bas	p-ot	BC /O /FPi /G2 /Ot LNGMXX.BAS, F35.OBJ;	3112bcc99a8d4d9e28bd16085a4592c3f251fea0dfaf0aa63ca4525d7611028d	DOSBox-X version 2026.06.02 SDL2, copyright 2011-2026 The DOSBox-X Team.	tools/mkfixtures.py
lngmxx-q-O-zd.obj	e9e55351abf429e73107b8ade984532ebf26c2beaca2a243a275f2d58a89d1b6	suite/lngmxx.bas	q-O	BC /O /FPi /Zd LNGMXX.BAS, F51.OBJ;	de21556c94b588bfca06388a45f6e22362a7c9e153571f5a27c4f95b6740f5fa	DOSBox-X version 2026.06.02 SDL2, copyright 2011-2026 The DOSBox-X Team.	tools/mkfixtures.py
lngmxx-q-O.obj	b4285c955e1fb1e723e5b17aa832a9afa4eef3c1efadb08e9e49fb1165529237	suite/lngmxx.bas	q-O	BC /O /FPi LNGMXX.BAS, F47.OBJ;	de21556c94b588bfca06388a45f6e22362a7c9e153571f5a27c4f95b6740f5fa	DOSBox-X version 2026.06.02 SDL2, copyright 2011-2026 The DOSBox-X Team.	tools/mkfixtures.py
lngmxx-q-evt.obj	715b95a6329c12354750e655cbe1e46bfaefe5dc0100326eaad917846d471865	suite/lngmxx.bas	q-evt	BC /O /FPi /V /W LNGMXX.BAS, F59.OBJ;	de21556c94b588bfca06388a45f6e22362a7c9e153571f5a27c4f95b6740f5fa	DOSBox-X version 2026.06.02 SDL2, copyright 2011-2026 The DOSBox-X Team.	tools/mkfixtures.py
lngmxx-q-noO.obj	13d96cb6dc4fd4b6cffce1c055999551e4d825dba57502914beb08624b49003f	suite/lngmxx.bas	q-noO	BC /FPi LNGMXX.BAS, F55.OBJ;	de21556c94b588bfca06388a45f6e22362a7c9e153571f5a27c4f95b6740f5fa	DOSBox-X version 2026.06.02 SDL2, copyright 2011-2026 The DOSBox-X Team.	tools/mkfixtures.py
lngmxx-v-evt.obj	a3089ce8fe60ff5bea32dabd6bade4e9dc9bbc14dd6d3462c1a15f53920143cf	suite/lngmxx.bas	v-evt	BC /O /FPi /R /G3 /E /V /W LNGMXX.BAS, F23.OBJ;	fa8a089bb6ec4a5dcd81705d704929e7c41894efcc09dc453e7e0311f9331efb	DOSBox-X version 2026.06.02 SDL2, copyright 2011-2026 The DOSBox-X Team.	tools/mkfixtures.py
lngmxx-v-g2.obj	de14028d896d7f3cebe2bd16e59e91a590c161418e8c0806be3c2f28c8db7eb4	suite/lngmxx.bas	v-g2	BC /O /FPi /R /G2 /E LNGMXX.BAS, F11.OBJ;	fa8a089bb6ec4a5dcd81705d704929e7c41894efcc09dc453e7e0311f9331efb	DOSBox-X version 2026.06.02 SDL2, copyright 2011-2026 The DOSBox-X Team.	tools/mkfixtures.py
lngmxx-v-g3-zd.obj	eb96f525372f5cd5ec0f3e98bd106060efbe27b9ae6ef5614ad85ea22b0a1870	suite/lngmxx.bas	v-g3	BC /O /FPi /R /G3 /E /Zd LNGMXX.BAS, F07.OBJ;	fa8a089bb6ec4a5dcd81705d704929e7c41894efcc09dc453e7e0311f9331efb	DOSBox-X version 2026.06.02 SDL2, copyright 2011-2026 The DOSBox-X Team.	tools/mkfixtures.py
lngmxx-v-g3.obj	635e09dcb49a08972d2fbb9b70e5125b678062b6a10cd7c668c8c62726552319	suite/lngmxx.bas	v-g3	BC /O /FPi /R /G3 /E LNGMXX.BAS, F03.OBJ;	fa8a089bb6ec4a5dcd81705d704929e7c41894efcc09dc453e7e0311f9331efb	DOSBox-X version 2026.06.02 SDL2, copyright 2011-2026 The DOSBox-X Team.	tools/mkfixtures.py
lngmxx-v-noO.obj	87700d703d6b8b50ea7f0af6b5f5e42dc28ba2258c6666fbafbd969cfd247ae4	suite/lngmxx.bas	v-noO	BC /FPi /R /G3 /E LNGMXX.BAS, F15.OBJ;	fa8a089bb6ec4a5dcd81705d704929e7c41894efcc09dc453e7e0311f9331efb	DOSBox-X version 2026.06.02 SDL2, copyright 2011-2026 The DOSBox-X Team.	tools/mkfixtures.py
lngmxx-v-plain.obj	21172109ab7150659b12ba81110da206197bbdb9b14ddafe07db7cf7152d47f7	suite/lngmxx.bas	v-plain	BC /FPi /R /E LNGMXX.BAS, F19.OBJ;	fa8a089bb6ec4a5dcd81705d704929e7c41894efcc09dc453e7e0311f9331efb	DOSBox-X version 2026.06.02 SDL2, copyright 2011-2026 The DOSBox-X Team.	tools/mkfixtures.py
matrix-p-evt.obj	e8a715672c9196c21ea883c488a937dcd18e175f004de0a19c5f902d44ee893f	suite/matrix.bas	p-evt	BC /O /FPi /G2 /V /W MATRIX.BAS, F144.OBJ;	3112bcc99a8d4d9e28bd16085a4592c3f251fea0dfaf0aa63ca4525d7611028d	DOSBox-X version 2026.06.02 SDL2, copyright 2011-2026 The DOSBox-X Team.	tools/mkfixtures.py
matrix-p-g2-zd.obj	301c34a2c36fd17fc219c5d40ea6503a65d18250e16991c9fd09f645aaecca78	suite/matrix.bas	p-g2	BC /O /FPi /G2 /Zd MATRIX.BAS, F102.OBJ;	3112bcc99a8d4d9e28bd16085a4592c3f251fea0dfaf0aa63ca4525d7611028d	DOSBox-X version 2026.06.02 SDL2, copyright 2011-2026 The DOSBox-X Team.	tools/mkfixtures.py
matrix-p-g2.obj	104f3df4579fb0364839860515bb56708e8abf3870f2ce90bc089c243d0d8a13	suite/matrix.bas	p-g2	BC /O /FPi /G2 MATRIX.BAS, F88.OBJ;	3112bcc99a8d4d9e28bd16085a4592c3f251fea0dfaf0aa63ca4525d7611028d	DOSBox-X version 2026.06.02 SDL2, copyright 2011-2026 The DOSBox-X Team.	tools/mkfixtures.py
matrix-p-noO.obj	13f34069cbdcad081fe4d2473bb556a81819c46d8cd65112046c056c9af392e6	suite/matrix.bas	p-noO	BC /FPi /G2 MATRIX.BAS, F130.OBJ;	3112bcc99a8d4d9e28bd16085a4592c3f251fea0dfaf0aa63ca4525d7611028d	DOSBox-X version 2026.06.02 SDL2, copyright 2011-2026 The DOSBox-X Team.	tools/mkfixtures.py
matrix-p-ot.obj	104f3df4579fb0364839860515bb56708e8abf3870f2ce90bc089c243d0d8a13	suite/matrix.bas	p-ot	BC /O /FPi /G2 /Ot MATRIX.BAS, F116.OBJ;	3112bcc99a8d4d9e28bd16085a4592c3f251fea0dfaf0aa63ca4525d7611028d	DOSBox-X version 2026.06.02 SDL2, copyright 2011-2026 The DOSBox-X Team.	tools/mkfixtures.py
matrix-q-O-zd.obj	0c27e9dfdb77d8016638e37d77d6544dcc9931ee42502835f6d0a443b7b6a52a	suite/matrix.bas	q-O	BC /O /FPi /Zd MATRIX.BAS, F172.OBJ;	de21556c94b588bfca06388a45f6e22362a7c9e153571f5a27c4f95b6740f5fa	DOSBox-X version 2026.06.02 SDL2, copyright 2011-2026 The DOSBox-X Team.	tools/mkfixtures.py
matrix-q-O.obj	4cb73165fe5ba7a9e81aee2d64597aa24d7bf48656374a3fe2d693deb3c6fff2	suite/matrix.bas	q-O	BC /O /FPi MATRIX.BAS, F158.OBJ;	de21556c94b588bfca06388a45f6e22362a7c9e153571f5a27c4f95b6740f5fa	DOSBox-X version 2026.06.02 SDL2, copyright 2011-2026 The DOSBox-X Team.	tools/mkfixtures.py
matrix-q-evt.obj	0703e3c2f8856985c7e2b4533b34e6747efa4940278b157394ebb39a7a9ad5ec	suite/matrix.bas	q-evt	BC /O /FPi /V /W MATRIX.BAS, F200.OBJ;	de21556c94b588bfca06388a45f6e22362a7c9e153571f5a27c4f95b6740f5fa	DOSBox-X version 2026.06.02 SDL2, copyright 2011-2026 The DOSBox-X Team.	tools/mkfixtures.py
matrix-q-noO.obj	dfb393df352c8cd3afa68a42b67603d1727d68c5e76c679cc47bb45b24a09167	suite/matrix.bas	q-noO	BC /FPi MATRIX.BAS, F186.OBJ;	de21556c94b588bfca06388a45f6e22362a7c9e153571f5a27c4f95b6740f5fa	DOSBox-X version 2026.06.02 SDL2, copyright 2011-2026 The DOSBox-X Team.	tools/mkfixtures.py
matrix-v-evt.obj	074126b2ac6c753c07a62cdbb54ffd13fab8a779816fdea40decfb51ff12ad3c	suite/matrix.bas	v-evt	BC /O /FPi /R /G3 /E /V /W MATRIX.BAS, F74.OBJ;	fa8a089bb6ec4a5dcd81705d704929e7c41894efcc09dc453e7e0311f9331efb	DOSBox-X version 2026.06.02 SDL2, copyright 2011-2026 The DOSBox-X Team.	tools/mkfixtures.py
matrix-v-g2.obj	c3bfce339d6b9dfb70611a1cabb7b70a95e5fbfde8aea2e2b74fbc7bbecee474	suite/matrix.bas	v-g2	BC /O /FPi /R /G2 /E MATRIX.BAS, F32.OBJ;	fa8a089bb6ec4a5dcd81705d704929e7c41894efcc09dc453e7e0311f9331efb	DOSBox-X version 2026.06.02 SDL2, copyright 2011-2026 The DOSBox-X Team.	tools/mkfixtures.py
matrix-v-g3-zd.obj	15b6583519db8b63e40e4192548d0dadf3e55dbe49b64a45d7f547c87b7f2b10	suite/matrix.bas	v-g3	BC /O /FPi /R /G3 /E /Zd MATRIX.BAS, F18.OBJ;	fa8a089bb6ec4a5dcd81705d704929e7c41894efcc09dc453e7e0311f9331efb	DOSBox-X version 2026.06.02 SDL2, copyright 2011-2026 The DOSBox-X Team.	tools/mkfixtures.py
matrix-v-g3.obj	c3bfce339d6b9dfb70611a1cabb7b70a95e5fbfde8aea2e2b74fbc7bbecee474	suite/matrix.bas	v-g3	BC /O /FPi /R /G3 /E MATRIX.BAS, F04.OBJ;	fa8a089bb6ec4a5dcd81705d704929e7c41894efcc09dc453e7e0311f9331efb	DOSBox-X version 2026.06.02 SDL2, copyright 2011-2026 The DOSBox-X Team.	tools/mkfixtures.py
matrix-v-noO.obj	157899cc3d9767e05bf91dee91928bcd4cc4e9022ef4950fc132391a108d9ff6	suite/matrix.bas	v-noO	BC /FPi /R /G3 /E MATRIX.BAS, F46.OBJ;	fa8a089bb6ec4a5dcd81705d704929e7c41894efcc09dc453e7e0311f9331efb	DOSBox-X version 2026.06.02 SDL2, copyright 2011-2026 The DOSBox-X Team.	tools/mkfixtures.py
matrix-v-plain.obj	9de49d160fff179efe4904a893f36e87e7e9cd080833643a64b6d964fb69d145	suite/matrix.bas	v-plain	BC /FPi /R /E MATRIX.BAS, F60.OBJ;	fa8a089bb6ec4a5dcd81705d704929e7c41894efcc09dc453e7e0311f9331efb	DOSBox-X version 2026.06.02 SDL2, copyright 2011-2026 The DOSBox-X Team.	tools/mkfixtures.py
negnot-p-evt.obj	80d7a495c67155b7aad962b940391adaabab834010c043c2eb62fbebe538b57d	suite/negnot.bas	p-evt	BC /O /FPi /G2 /V /W NEGNOT.BAS, F10.OBJ;	3112bcc99a8d4d9e28bd16085a4592c3f251fea0dfaf0aa63ca4525d7611028d	DOSBox-X version 2026.06.02 SDL2, copyright 2011-2026 The DOSBox-X Team.	tools/mkfixtures.py
negnot-p-g2-zd.obj	55b908057e0e3b19637ec9c4472081f2a900c0c4f3eb0aaac0acd9cf4cd7f7b2	suite/negnot.bas	p-g2	BC /O /FPi /G2 /Zd NEGNOT.BAS, F07.OBJ;	3112bcc99a8d4d9e28bd16085a4592c3f251fea0dfaf0aa63ca4525d7611028d	DOSBox-X version 2026.06.02 SDL2, copyright 2011-2026 The DOSBox-X Team.	tools/mkfixtures.py
negnot-p-g2.obj	f97152d7c03c99881baf762e29d7e545f5c8362f35f70d9e1456a1d113b97659	suite/negnot.bas	p-g2	BC /O /FPi /G2 NEGNOT.BAS, F06.OBJ;	3112bcc99a8d4d9e28bd16085a4592c3f251fea0dfaf0aa63ca4525d7611028d	DOSBox-X version 2026.06.02 SDL2, copyright 2011-2026 The DOSBox-X Team.	tools/mkfixtures.py
negnot-p-noO.obj	a57de62686843b192dcbe5da30148ffe25e0821e86626a3c5344bb2f21c33b11	suite/negnot.bas	p-noO	BC /FPi /G2 NEGNOT.BAS, F09.OBJ;	3112bcc99a8d4d9e28bd16085a4592c3f251fea0dfaf0aa63ca4525d7611028d	DOSBox-X version 2026.06.02 SDL2, copyright 2011-2026 The DOSBox-X Team.	tools/mkfixtures.py
negnot-p-ot.obj	f97152d7c03c99881baf762e29d7e545f5c8362f35f70d9e1456a1d113b97659	suite/negnot.bas	p-ot	BC /O /FPi /G2 /Ot NEGNOT.BAS, F08.OBJ;	3112bcc99a8d4d9e28bd16085a4592c3f251fea0dfaf0aa63ca4525d7611028d	DOSBox-X version 2026.06.02 SDL2, copyright 2011-2026 The DOSBox-X Team.	tools/mkfixtures.py
negnot-q-O-zd.obj	f3e91bf3cffff094694a3876fbf896e5d0366e35815c54863774717a8901d709	suite/negnot.bas	q-O	BC /O /FPi /Zd NEGNOT.BAS, F12.OBJ;	de21556c94b588bfca06388a45f6e22362a7c9e153571f5a27c4f95b6740f5fa	DOSBox-X version 2026.06.02 SDL2, copyright 2011-2026 The DOSBox-X Team.	tools/mkfixtures.py
negnot-q-O.obj	be11db11c663ac9623e86f0cbfc1e68d0018924ce5981f7cf92460a698920180	suite/negnot.bas	q-O	BC /O /FPi NEGNOT.BAS, F11.OBJ;	de21556c94b588bfca06388a45f6e22362a7c9e153571f5a27c4f95b6740f5fa	DOSBox-X version 2026.06.02 SDL2, copyright 2011-2026 The DOSBox-X Team.	tools/mkfixtures.py
negnot-q-evt.obj	83e949cc4a05c752bf9acbfedb7d2ae6112de15e71f1b0421a2af3911cb77b34	suite/negnot.bas	q-evt	BC /O /FPi /V /W NEGNOT.BAS, F14.OBJ;	de21556c94b588bfca06388a45f6e22362a7c9e153571f5a27c4f95b6740f5fa	DOSBox-X version 2026.06.02 SDL2, copyright 2011-2026 The DOSBox-X Team.	tools/mkfixtures.py
negnot-q-noO.obj	da64df3514800e9fb0b9a693052aedc07f26b878896dfa1afaf90ea18c2f9c13	suite/negnot.bas	q-noO	BC /FPi NEGNOT.BAS, F13.OBJ;	de21556c94b588bfca06388a45f6e22362a7c9e153571f5a27c4f95b6740f5fa	DOSBox-X version 2026.06.02 SDL2, copyright 2011-2026 The DOSBox-X Team.	tools/mkfixtures.py
negnot-v-evt.obj	929e9987f31d2891e126a1059490eb5a2fd40f9cd1c51dd305baca881fb7b8ba	suite/negnot.bas	v-evt	BC /O /FPi /R /G3 /E /V /W NEGNOT.BAS, F05.OBJ;	fa8a089bb6ec4a5dcd81705d704929e7c41894efcc09dc453e7e0311f9331efb	DOSBox-X version 2026.06.02 SDL2, copyright 2011-2026 The DOSBox-X Team.	tools/mkfixtures.py
negnot-v-g2.obj	e50876f81aec4eacea9076b00b1a3aab88afe1f85de9ecbf3f7e87f049685d15	suite/negnot.bas	v-g2	BC /O /FPi /R /G2 /E NEGNOT.BAS, F02.OBJ;	fa8a089bb6ec4a5dcd81705d704929e7c41894efcc09dc453e7e0311f9331efb	DOSBox-X version 2026.06.02 SDL2, copyright 2011-2026 The DOSBox-X Team.	tools/mkfixtures.py
negnot-v-g3-zd.obj	b532b586227156661f7a5451abf98aedf6ea7f031895399ea8498ee010008bd6	suite/negnot.bas	v-g3	BC /O /FPi /R /G3 /E /Zd NEGNOT.BAS, F01.OBJ;	fa8a089bb6ec4a5dcd81705d704929e7c41894efcc09dc453e7e0311f9331efb	DOSBox-X version 2026.06.02 SDL2, copyright 2011-2026 The DOSBox-X Team.	tools/mkfixtures.py
negnot-v-g3.obj	d698bf3fea08a0da5ba22b3f0df8725fdcef98e9f6ae0ca67ce811a3dc153be0	suite/negnot.bas	v-g3	BC /O /FPi /R /G3 /E NEGNOT.BAS, F00.OBJ;	fa8a089bb6ec4a5dcd81705d704929e7c41894efcc09dc453e7e0311f9331efb	DOSBox-X version 2026.06.02 SDL2, copyright 2011-2026 The DOSBox-X Team.	tools/mkfixtures.py
negnot-v-noO.obj	7146b3cd50906a7f8ff81f660ea4959a93fdcdb6868e0f1c8d7b97e0795c039e	suite/negnot.bas	v-noO	BC /FPi /R /G3 /E NEGNOT.BAS, F03.OBJ;	fa8a089bb6ec4a5dcd81705d704929e7c41894efcc09dc453e7e0311f9331efb	DOSBox-X version 2026.06.02 SDL2, copyright 2011-2026 The DOSBox-X Team.	tools/mkfixtures.py
negnot-v-plain.obj	a9cfc0bd9838eb95607ca232d65e26ed3cfab465e2607c62c049086694479f98	suite/negnot.bas	v-plain	BC /FPi /R /E NEGNOT.BAS, F04.OBJ;	fa8a089bb6ec4a5dcd81705d704929e7c41894efcc09dc453e7e0311f9331efb	DOSBox-X version 2026.06.02 SDL2, copyright 2011-2026 The DOSBox-X Team.	tools/mkfixtures.py
nested-p-evt.obj	e168fb916fe85918113b8f852c2d0495be6b65c3b37ca878edf9dc134289be35	suite/nested.bas	p-evt	BC /O /FPi /G2 /V /W NESTED.BAS, F140.OBJ;	3112bcc99a8d4d9e28bd16085a4592c3f251fea0dfaf0aa63ca4525d7611028d	DOSBox-X version 2026.06.02 SDL2, copyright 2011-2026 The DOSBox-X Team.	tools/mkfixtures.py
nested-p-g2-zd.obj	be12cd17cbb5487cb5d6f0c32ca1f43f815e496eedf6e382d49bf3484c116a99	suite/nested.bas	p-g2	BC /O /FPi /G2 /Zd NESTED.BAS, F98.OBJ;	3112bcc99a8d4d9e28bd16085a4592c3f251fea0dfaf0aa63ca4525d7611028d	DOSBox-X version 2026.06.02 SDL2, copyright 2011-2026 The DOSBox-X Team.	tools/mkfixtures.py
nested-p-g2.obj	dc708c3df80b2a14d0325145e56a0c8f4fc612395031b983745a8908ffe6e21c	suite/nested.bas	p-g2	BC /O /FPi /G2 NESTED.BAS, F84.OBJ;	3112bcc99a8d4d9e28bd16085a4592c3f251fea0dfaf0aa63ca4525d7611028d	DOSBox-X version 2026.06.02 SDL2, copyright 2011-2026 The DOSBox-X Team.	tools/mkfixtures.py
nested-p-noO.obj	0241edbc84723a13cc156997bf7bc82889e952b7eaebd16123ddc62fd07b58ea	suite/nested.bas	p-noO	BC /FPi /G2 NESTED.BAS, F126.OBJ;	3112bcc99a8d4d9e28bd16085a4592c3f251fea0dfaf0aa63ca4525d7611028d	DOSBox-X version 2026.06.02 SDL2, copyright 2011-2026 The DOSBox-X Team.	tools/mkfixtures.py
nested-p-ot.obj	dc708c3df80b2a14d0325145e56a0c8f4fc612395031b983745a8908ffe6e21c	suite/nested.bas	p-ot	BC /O /FPi /G2 /Ot NESTED.BAS, F112.OBJ;	3112bcc99a8d4d9e28bd16085a4592c3f251fea0dfaf0aa63ca4525d7611028d	DOSBox-X version 2026.06.02 SDL2, copyright 2011-2026 The DOSBox-X Team.	tools/mkfixtures.py
nested-q-O-zd.obj	7c97d3444e335e640ee1e245a1017ec7cb069cbfbe14233568fe02d4446887c1	suite/nested.bas	q-O	BC /O /FPi /Zd NESTED.BAS, F168.OBJ;	de21556c94b588bfca06388a45f6e22362a7c9e153571f5a27c4f95b6740f5fa	DOSBox-X version 2026.06.02 SDL2, copyright 2011-2026 The DOSBox-X Team.	tools/mkfixtures.py
nested-q-O.obj	fff7f9bb58aef0bbf960cd5d562a75aac7a827f7a36cc672f67c109cfc612118	suite/nested.bas	q-O	BC /O /FPi NESTED.BAS, F154.OBJ;	de21556c94b588bfca06388a45f6e22362a7c9e153571f5a27c4f95b6740f5fa	DOSBox-X version 2026.06.02 SDL2, copyright 2011-2026 The DOSBox-X Team.	tools/mkfixtures.py
nested-q-evt.obj	adb5237768662e9e7d0e45e7340e9f9a4c1926cd68801bce08366bea93e0898b	suite/nested.bas	q-evt	BC /O /FPi /V /W NESTED.BAS, F196.OBJ;	de21556c94b588bfca06388a45f6e22362a7c9e153571f5a27c4f95b6740f5fa	DOSBox-X version 2026.06.02 SDL2, copyright 2011-2026 The DOSBox-X Team.	tools/mkfixtures.py
nested-q-noO.obj	c27fa0bd5e9d5c41fcc2d3950a265a58dc127134e47a766cde40a4cc2d7742d8	suite/nested.bas	q-noO	BC /FPi NESTED.BAS, F182.OBJ;	de21556c94b588bfca06388a45f6e22362a7c9e153571f5a27c4f95b6740f5fa	DOSBox-X version 2026.06.02 SDL2, copyright 2011-2026 The DOSBox-X Team.	tools/mkfixtures.py
nested-v-evt.obj	8fb65253f2c9e8a74b2c66a0c2ca5f5a38a2f33dcf522b991599ecf517c3b765	suite/nested.bas	v-evt	BC /O /FPi /R /G3 /E /V /W NESTED.BAS, F70.OBJ;	fa8a089bb6ec4a5dcd81705d704929e7c41894efcc09dc453e7e0311f9331efb	DOSBox-X version 2026.06.02 SDL2, copyright 2011-2026 The DOSBox-X Team.	tools/mkfixtures.py
nested-v-g2.obj	560ee9f6e507e3d35582ea145d5db9b0505179c7d6d836b7a6f25b6eb58c20d2	suite/nested.bas	v-g2	BC /O /FPi /R /G2 /E NESTED.BAS, F28.OBJ;	fa8a089bb6ec4a5dcd81705d704929e7c41894efcc09dc453e7e0311f9331efb	DOSBox-X version 2026.06.02 SDL2, copyright 2011-2026 The DOSBox-X Team.	tools/mkfixtures.py
nested-v-g3-zd.obj	45baacda85557fcf5bbdaaba48fcb4b87f13ba30aee60e729d6d95fd8d7d4e79	suite/nested.bas	v-g3	BC /O /FPi /R /G3 /E /Zd NESTED.BAS, F14.OBJ;	fa8a089bb6ec4a5dcd81705d704929e7c41894efcc09dc453e7e0311f9331efb	DOSBox-X version 2026.06.02 SDL2, copyright 2011-2026 The DOSBox-X Team.	tools/mkfixtures.py
nested-v-g3.obj	560ee9f6e507e3d35582ea145d5db9b0505179c7d6d836b7a6f25b6eb58c20d2	suite/nested.bas	v-g3	BC /O /FPi /R /G3 /E NESTED.BAS, F00.OBJ;	fa8a089bb6ec4a5dcd81705d704929e7c41894efcc09dc453e7e0311f9331efb	DOSBox-X version 2026.06.02 SDL2, copyright 2011-2026 The DOSBox-X Team.	tools/mkfixtures.py
nested-v-noO.obj	5e9b9a4d7253af64244258a0d9ebe1376cb444f85a4ff8c5d86ba4d0d118dfbd	suite/nested.bas	v-noO	BC /FPi /R /G3 /E NESTED.BAS, F42.OBJ;	fa8a089bb6ec4a5dcd81705d704929e7c41894efcc09dc453e7e0311f9331efb	DOSBox-X version 2026.06.02 SDL2, copyright 2011-2026 The DOSBox-X Team.	tools/mkfixtures.py
nested-v-plain.obj	70878ce7e2f9d07f8588a32f59097ca40fb7e24ec35062707d301468b4eaf2e0	suite/nested.bas	v-plain	BC /FPi /R /E NESTED.BAS, F56.OBJ;	fa8a089bb6ec4a5dcd81705d704929e7c41894efcc09dc453e7e0311f9331efb	DOSBox-X version 2026.06.02 SDL2, copyright 2011-2026 The DOSBox-X Team.	tools/mkfixtures.py
nestud-q-O-zd.obj	bb7373844d1d95f8a460905b1fade24283a006fa58bf9005d96a53a89fb84152	suite/nestud.bas	q-O	BC /O /FPi /Zi /Zd NESTUD.BAS, F03.OBJ;	de21556c94b588bfca06388a45f6e22362a7c9e153571f5a27c4f95b6740f5fa	DOSBox-X version 2026.06.02 SDL2, copyright 2011-2026 The DOSBox-X Team.	tools/mkfixtures.py
nestud-q-O-zi.obj	4277c4c02e88e13f004e2cf0577a28b57a291109171773a94f9e3c4e4f9478fd	suite/nestud.bas	q-O	BC /O /FPi /Zi /Zi NESTUD.BAS, F05.OBJ;	de21556c94b588bfca06388a45f6e22362a7c9e153571f5a27c4f95b6740f5fa	DOSBox-X version 2026.06.02 SDL2, copyright 2011-2026 The DOSBox-X Team.	tools/mkfixtures.py
nestud-q-O.obj	4277c4c02e88e13f004e2cf0577a28b57a291109171773a94f9e3c4e4f9478fd	suite/nestud.bas	q-O	BC /O /FPi /Zi NESTUD.BAS, F01.OBJ;	de21556c94b588bfca06388a45f6e22362a7c9e153571f5a27c4f95b6740f5fa	DOSBox-X version 2026.06.02 SDL2, copyright 2011-2026 The DOSBox-X Team.	tools/mkfixtures.py
pds-g2.obj	1a5267cb564f0db453fdb98588120f3f9d24bb8039985d04215d08d9aa78815a	unrecorded -- predates this script, provenance lost	unknown	unknown	unknown	unknown	unknown
press-p-evt.obj	b3718f5d0cbb31cff63525d280b99754aaaa492ec5fffa6911dd52f03f70c455	suite/press.bas	p-evt	BC /O /FPi /G2 /V /W PRESS.BAS, F141.OBJ;	3112bcc99a8d4d9e28bd16085a4592c3f251fea0dfaf0aa63ca4525d7611028d	DOSBox-X version 2026.06.02 SDL2, copyright 2011-2026 The DOSBox-X Team.	tools/mkfixtures.py
press-p-g2-zd.obj	ad0f77348f1a9e97c898fc7198e59fb6d7a2c92b451ed4a1339a4abbc22c7d19	suite/press.bas	p-g2	BC /O /FPi /G2 /Zd PRESS.BAS, F99.OBJ;	3112bcc99a8d4d9e28bd16085a4592c3f251fea0dfaf0aa63ca4525d7611028d	DOSBox-X version 2026.06.02 SDL2, copyright 2011-2026 The DOSBox-X Team.	tools/mkfixtures.py
press-p-g2.obj	4db58e4a15a8d19f06f8c840cd040653c1cf9d17a3b70c6f3475f47e238d1a54	suite/press.bas	p-g2	BC /O /FPi /G2 PRESS.BAS, F85.OBJ;	3112bcc99a8d4d9e28bd16085a4592c3f251fea0dfaf0aa63ca4525d7611028d	DOSBox-X version 2026.06.02 SDL2, copyright 2011-2026 The DOSBox-X Team.	tools/mkfixtures.py
press-p-noO.obj	07e381f9dce5c2ec6d09c0ef95cbd15d9b226b4542cce1774ba3bdffc3fe2653	suite/press.bas	p-noO	BC /FPi /G2 PRESS.BAS, F127.OBJ;	3112bcc99a8d4d9e28bd16085a4592c3f251fea0dfaf0aa63ca4525d7611028d	DOSBox-X version 2026.06.02 SDL2, copyright 2011-2026 The DOSBox-X Team.	tools/mkfixtures.py
press-p-ot.obj	4db58e4a15a8d19f06f8c840cd040653c1cf9d17a3b70c6f3475f47e238d1a54	suite/press.bas	p-ot	BC /O /FPi /G2 /Ot PRESS.BAS, F113.OBJ;	3112bcc99a8d4d9e28bd16085a4592c3f251fea0dfaf0aa63ca4525d7611028d	DOSBox-X version 2026.06.02 SDL2, copyright 2011-2026 The DOSBox-X Team.	tools/mkfixtures.py
press-q-O-zd.obj	e4df7b6c84ecab20a13cffe2c35c372ad32bff8e3e0f4f8a24b5cf9e10fdbaa8	suite/press.bas	q-O	BC /O /FPi /Zd PRESS.BAS, F169.OBJ;	de21556c94b588bfca06388a45f6e22362a7c9e153571f5a27c4f95b6740f5fa	DOSBox-X version 2026.06.02 SDL2, copyright 2011-2026 The DOSBox-X Team.	tools/mkfixtures.py
press-q-O.obj	85dceafe4960e756990b89f9eff1f46ecfbe5211e0f18a4a8f920fb85322a0b3	suite/press.bas	q-O	BC /O /FPi PRESS.BAS, F155.OBJ;	de21556c94b588bfca06388a45f6e22362a7c9e153571f5a27c4f95b6740f5fa	DOSBox-X version 2026.06.02 SDL2, copyright 2011-2026 The DOSBox-X Team.	tools/mkfixtures.py
press-q-evt.obj	de2d205926af2214af56445c75c7902b48a9eaa1d8a6abd05355b9d108b8d08a	suite/press.bas	q-evt	BC /O /FPi /V /W PRESS.BAS, F197.OBJ;	de21556c94b588bfca06388a45f6e22362a7c9e153571f5a27c4f95b6740f5fa	DOSBox-X version 2026.06.02 SDL2, copyright 2011-2026 The DOSBox-X Team.	tools/mkfixtures.py
press-q-noO.obj	08e54a58fef262b21530cfbd7b2ae4b3fc17552074761f0077cf12174781b306	suite/press.bas	q-noO	BC /FPi PRESS.BAS, F183.OBJ;	de21556c94b588bfca06388a45f6e22362a7c9e153571f5a27c4f95b6740f5fa	DOSBox-X version 2026.06.02 SDL2, copyright 2011-2026 The DOSBox-X Team.	tools/mkfixtures.py
press-v-evt.obj	a365e6c9678f0407fc78a48af0d8c912e70a458029c79440a7039194f5a063b4	suite/press.bas	v-evt	BC /O /FPi /R /G3 /E /V /W PRESS.BAS, F71.OBJ;	fa8a089bb6ec4a5dcd81705d704929e7c41894efcc09dc453e7e0311f9331efb	DOSBox-X version 2026.06.02 SDL2, copyright 2011-2026 The DOSBox-X Team.	tools/mkfixtures.py
press-v-g2.obj	c9e2ac7cba3d62e0c5dd6b53942d3d740451a161565dbaed1c067dbff6722f46	suite/press.bas	v-g2	BC /O /FPi /R /G2 /E PRESS.BAS, F29.OBJ;	fa8a089bb6ec4a5dcd81705d704929e7c41894efcc09dc453e7e0311f9331efb	DOSBox-X version 2026.06.02 SDL2, copyright 2011-2026 The DOSBox-X Team.	tools/mkfixtures.py
press-v-g3-zd.obj	5df67a6cd45dc27237019391969853c9e8479123f1742352d939bde3b116c804	suite/press.bas	v-g3	BC /O /FPi /R /G3 /E /Zd PRESS.BAS, F15.OBJ;	fa8a089bb6ec4a5dcd81705d704929e7c41894efcc09dc453e7e0311f9331efb	DOSBox-X version 2026.06.02 SDL2, copyright 2011-2026 The DOSBox-X Team.	tools/mkfixtures.py
press-v-g3.obj	c9e2ac7cba3d62e0c5dd6b53942d3d740451a161565dbaed1c067dbff6722f46	suite/press.bas	v-g3	BC /O /FPi /R /G3 /E PRESS.BAS, F01.OBJ;	fa8a089bb6ec4a5dcd81705d704929e7c41894efcc09dc453e7e0311f9331efb	DOSBox-X version 2026.06.02 SDL2, copyright 2011-2026 The DOSBox-X Team.	tools/mkfixtures.py
press-v-noO.obj	788d8625028037377c53431f6fbd7495da321af03a70c0f5066a6a850a373625	suite/press.bas	v-noO	BC /FPi /R /G3 /E PRESS.BAS, F43.OBJ;	fa8a089bb6ec4a5dcd81705d704929e7c41894efcc09dc453e7e0311f9331efb	DOSBox-X version 2026.06.02 SDL2, copyright 2011-2026 The DOSBox-X Team.	tools/mkfixtures.py
press-v-plain.obj	71180ede75883c80c47a4e813c4a75951e7e25419460ed415d82c4b45a697ec0	suite/press.bas	v-plain	BC /FPi /R /E PRESS.BAS, F57.OBJ;	fa8a089bb6ec4a5dcd81705d704929e7c41894efcc09dc453e7e0311f9331efb	DOSBox-X version 2026.06.02 SDL2, copyright 2011-2026 The DOSBox-X Team.	tools/mkfixtures.py
pressx-p-evt.obj	e168818051c5a1efc3936dd57e06a8750629d7f695aafdb3623d0208ba5d42e1	suite/pressx.bas	p-evt	BC /O /FPi /G2 /V /W PRESSX.BAS, F41.OBJ;	3112bcc99a8d4d9e28bd16085a4592c3f251fea0dfaf0aa63ca4525d7611028d	DOSBox-X version 2026.06.02 SDL2, copyright 2011-2026 The DOSBox-X Team.	tools/mkfixtures.py
pressx-p-g2-zd.obj	0573994c5360fa0db924f8e253fabce52ccb7d8331cc4eec1fe31e588451bbb3	suite/pressx.bas	p-g2	BC /O /FPi /G2 /Zd PRESSX.BAS, F29.OBJ;	3112bcc99a8d4d9e28bd16085a4592c3f251fea0dfaf0aa63ca4525d7611028d	DOSBox-X version 2026.06.02 SDL2, copyright 2011-2026 The DOSBox-X Team.	tools/mkfixtures.py
pressx-p-g2.obj	e71b3a8e56691923d5c01aedf1e89ba5e30ea3d0b791cadf521787ca05c15329	suite/pressx.bas	p-g2	BC /O /FPi /G2 PRESSX.BAS, F25.OBJ;	3112bcc99a8d4d9e28bd16085a4592c3f251fea0dfaf0aa63ca4525d7611028d	DOSBox-X version 2026.06.02 SDL2, copyright 2011-2026 The DOSBox-X Team.	tools/mkfixtures.py
pressx-p-noO.obj	0088613b9f70464f5b525467b73e2a235882ba27a5d79702b966bcb44e5ee105	suite/pressx.bas	p-noO	BC /FPi /G2 PRESSX.BAS, F37.OBJ;	3112bcc99a8d4d9e28bd16085a4592c3f251fea0dfaf0aa63ca4525d7611028d	DOSBox-X version 2026.06.02 SDL2, copyright 2011-2026 The DOSBox-X Team.	tools/mkfixtures.py
pressx-p-ot.obj	e71b3a8e56691923d5c01aedf1e89ba5e30ea3d0b791cadf521787ca05c15329	suite/pressx.bas	p-ot	BC /O /FPi /G2 /Ot PRESSX.BAS, F33.OBJ;	3112bcc99a8d4d9e28bd16085a4592c3f251fea0dfaf0aa63ca4525d7611028d	DOSBox-X version 2026.06.02 SDL2, copyright 2011-2026 The DOSBox-X Team.	tools/mkfixtures.py
pressx-q-O-zd.obj	702a811eb2171a7fbb3a47629a05b2edf6fc61c10dd8d0e472b489e3933d3081	suite/pressx.bas	q-O	BC /O /FPi /Zd PRESSX.BAS, F49.OBJ;	de21556c94b588bfca06388a45f6e22362a7c9e153571f5a27c4f95b6740f5fa	DOSBox-X version 2026.06.02 SDL2, copyright 2011-2026 The DOSBox-X Team.	tools/mkfixtures.py
pressx-q-O.obj	d5bb43627b05acc6cc9715e87b5056f8973d0cad2fd2e5b035e03eb119f9dff1	suite/pressx.bas	q-O	BC /O /FPi PRESSX.BAS, F45.OBJ;	de21556c94b588bfca06388a45f6e22362a7c9e153571f5a27c4f95b6740f5fa	DOSBox-X version 2026.06.02 SDL2, copyright 2011-2026 The DOSBox-X Team.	tools/mkfixtures.py
pressx-q-evt.obj	498ddf35a3af1a36561eaa482d1392a5ac32b41ea2b27ac5572a113faf0cad16	suite/pressx.bas	q-evt	BC /O /FPi /V /W PRESSX.BAS, F57.OBJ;	de21556c94b588bfca06388a45f6e22362a7c9e153571f5a27c4f95b6740f5fa	DOSBox-X version 2026.06.02 SDL2, copyright 2011-2026 The DOSBox-X Team.	tools/mkfixtures.py
pressx-q-noO.obj	cce3b07f5fa256bf500168a24bfbecb5528d0fb73bbc7b598b12b59df5a247ff	suite/pressx.bas	q-noO	BC /FPi PRESSX.BAS, F53.OBJ;	de21556c94b588bfca06388a45f6e22362a7c9e153571f5a27c4f95b6740f5fa	DOSBox-X version 2026.06.02 SDL2, copyright 2011-2026 The DOSBox-X Team.	tools/mkfixtures.py
pressx-v-evt.obj	f246b8724928eae6b390d2bc4d2e53e9be57030b5d930dc1084ab58d71701cef	suite/pressx.bas	v-evt	BC /O /FPi /R /G3 /E /V /W PRESSX.BAS, F21.OBJ;	fa8a089bb6ec4a5dcd81705d704929e7c41894efcc09dc453e7e0311f9331efb	DOSBox-X version 2026.06.02 SDL2, copyright 2011-2026 The DOSBox-X Team.	tools/mkfixtures.py
pressx-v-g2.obj	8fba099e59baa93bae96d1af244e236fdfc1e673a2974d18b52daa649a749e20	suite/pressx.bas	v-g2	BC /O /FPi /R /G2 /E PRESSX.BAS, F09.OBJ;	fa8a089bb6ec4a5dcd81705d704929e7c41894efcc09dc453e7e0311f9331efb	DOSBox-X version 2026.06.02 SDL2, copyright 2011-2026 The DOSBox-X Team.	tools/mkfixtures.py
pressx-v-g3-zd.obj	ad13c3cc6c66e29954f78cf097b30f9d0ce0f8e218dfcfec4ea818b53728b629	suite/pressx.bas	v-g3	BC /O /FPi /R /G3 /E /Zd PRESSX.BAS, F05.OBJ;	fa8a089bb6ec4a5dcd81705d704929e7c41894efcc09dc453e7e0311f9331efb	DOSBox-X version 2026.06.02 SDL2, copyright 2011-2026 The DOSBox-X Team.	tools/mkfixtures.py
pressx-v-g3.obj	8fba099e59baa93bae96d1af244e236fdfc1e673a2974d18b52daa649a749e20	suite/pressx.bas	v-g3	BC /O /FPi /R /G3 /E PRESSX.BAS, F01.OBJ;	fa8a089bb6ec4a5dcd81705d704929e7c41894efcc09dc453e7e0311f9331efb	DOSBox-X version 2026.06.02 SDL2, copyright 2011-2026 The DOSBox-X Team.	tools/mkfixtures.py
pressx-v-noO.obj	eb43b89b299026dc1b17bf3fbdb3d2e720a9a1e7a21ee90ec2b07ffa879fe3be	suite/pressx.bas	v-noO	BC /FPi /R /G3 /E PRESSX.BAS, F13.OBJ;	fa8a089bb6ec4a5dcd81705d704929e7c41894efcc09dc453e7e0311f9331efb	DOSBox-X version 2026.06.02 SDL2, copyright 2011-2026 The DOSBox-X Team.	tools/mkfixtures.py
pressx-v-plain.obj	4e39dc993020eed52ce31d0450ee1236cf9438143239e6cecc27ca206037fd80	suite/pressx.bas	v-plain	BC /FPi /R /E PRESSX.BAS, F17.OBJ;	fa8a089bb6ec4a5dcd81705d704929e7c41894efcc09dc453e7e0311f9331efb	DOSBox-X version 2026.06.02 SDL2, copyright 2011-2026 The DOSBox-X Team.	tools/mkfixtures.py
procs-p-evt.obj	b6ee8fec060ff217ea15068475e3f2a60fbf94b34d1b97e835290496bcb88771	suite/procs.bas	p-evt	BC /O /FPi /G2 /V /W /Zi PROCS.BAS, F25.OBJ;	3112bcc99a8d4d9e28bd16085a4592c3f251fea0dfaf0aa63ca4525d7611028d	DOSBox-X version 2026.06.02 SDL2, copyright 2011-2026 The DOSBox-X Team.	tools/mkfixtures.py
procs-p-g2-zd.obj	d3f01021b855c8774aa2d704a42ebc2b53221a4760255fbc637ff5146cbb87d6	suite/procs.bas	p-g2	BC /O /FPi /G2 /Zi /Zd PROCS.BAS, F17.OBJ;	3112bcc99a8d4d9e28bd16085a4592c3f251fea0dfaf0aa63ca4525d7611028d	DOSBox-X version 2026.06.02 SDL2, copyright 2011-2026 The DOSBox-X Team.	tools/mkfixtures.py
procs-p-g2-zi.obj	c74b8292918e4ddd7e7a70d84386818f0cc89031ca02d3ea6319380fbbe80d13	suite/procs.bas	p-g2	BC /O /FPi /G2 /Zi /Zi PROCS.BAS, F19.OBJ;	3112bcc99a8d4d9e28bd16085a4592c3f251fea0dfaf0aa63ca4525d7611028d	DOSBox-X version 2026.06.02 SDL2, copyright 2011-2026 The DOSBox-X Team.	tools/mkfixtures.py
procs-p-g2.obj	c74b8292918e4ddd7e7a70d84386818f0cc89031ca02d3ea6319380fbbe80d13	suite/procs.bas	p-g2	BC /O /FPi /G2 /Zi PROCS.BAS, F15.OBJ;	3112bcc99a8d4d9e28bd16085a4592c3f251fea0dfaf0aa63ca4525d7611028d	DOSBox-X version 2026.06.02 SDL2, copyright 2011-2026 The DOSBox-X Team.	tools/mkfixtures.py
procs-p-noO.obj	05a824c99060022c8637a9234755a8d4f243d976b0e6cb177f62a0337d150ab9	suite/procs.bas	p-noO	BC /FPi /G2 /Zi PROCS.BAS, F23.OBJ;	3112bcc99a8d4d9e28bd16085a4592c3f251fea0dfaf0aa63ca4525d7611028d	DOSBox-X version 2026.06.02 SDL2, copyright 2011-2026 The DOSBox-X Team.	tools/mkfixtures.py
procs-p-ot.obj	baf2453dae146575dea0f19059e7150af6cbfedd14a9938d6b1b870142a6db74	suite/procs.bas	p-ot	BC /O /FPi /G2 /Ot /Zi PROCS.BAS, F21.OBJ;	3112bcc99a8d4d9e28bd16085a4592c3f251fea0dfaf0aa63ca4525d7611028d	DOSBox-X version 2026.06.02 SDL2, copyright 2011-2026 The DOSBox-X Team.	tools/mkfixtures.py
procs-q-O-zd.obj	613f3ebcbfa14d683d85069ff0d843837869923cba2098e800fb95a1f4f9c097	suite/procs.bas	q-O	BC /O /FPi /Zi /Zd PROCS.BAS, F29.OBJ;	de21556c94b588bfca06388a45f6e22362a7c9e153571f5a27c4f95b6740f5fa	DOSBox-X version 2026.06.02 SDL2, copyright 2011-2026 The DOSBox-X Team.	tools/mkfixtures.py
procs-q-O-zi.obj	63c8e807b4b3bd2e50d9bd344926ad09bd5459426117dbe184e64d5770741ae3	suite/procs.bas	q-O	BC /O /FPi /Zi /Zi PROCS.BAS, F31.OBJ;	de21556c94b588bfca06388a45f6e22362a7c9e153571f5a27c4f95b6740f5fa	DOSBox-X version 2026.06.02 SDL2, copyright 2011-2026 The DOSBox-X Team.	tools/mkfixtures.py
procs-q-O.obj	63c8e807b4b3bd2e50d9bd344926ad09bd5459426117dbe184e64d5770741ae3	suite/procs.bas	q-O	BC /O /FPi /Zi PROCS.BAS, F27.OBJ;	de21556c94b588bfca06388a45f6e22362a7c9e153571f5a27c4f95b6740f5fa	DOSBox-X version 2026.06.02 SDL2, copyright 2011-2026 The DOSBox-X Team.	tools/mkfixtures.py
procs-q-evt.obj	a4accd19992f4f47f0efaac7baaf17120a13ef439782d9a700190a5189f07db4	suite/procs.bas	q-evt	BC /O /FPi /V /W /Zi PROCS.BAS, F35.OBJ;	de21556c94b588bfca06388a45f6e22362a7c9e153571f5a27c4f95b6740f5fa	DOSBox-X version 2026.06.02 SDL2, copyright 2011-2026 The DOSBox-X Team.	tools/mkfixtures.py
procs-q-noO.obj	d415bfd3747fbc4e59adaa777eb7e21d584953de091688bb14a2c5d4f01589bd	suite/procs.bas	q-noO	BC /FPi /Zi PROCS.BAS, F33.OBJ;	de21556c94b588bfca06388a45f6e22362a7c9e153571f5a27c4f95b6740f5fa	DOSBox-X version 2026.06.02 SDL2, copyright 2011-2026 The DOSBox-X Team.	tools/mkfixtures.py
procs-v-evt.obj	cf1941dc7781bfc626d33b3700680214455c63fcb8fbdcb7990a28e6c255e0f4	suite/procs.bas	v-evt	BC /O /FPi /R /G3 /E /V /W /Zi PROCS.BAS, F13.OBJ;	fa8a089bb6ec4a5dcd81705d704929e7c41894efcc09dc453e7e0311f9331efb	DOSBox-X version 2026.06.02 SDL2, copyright 2011-2026 The DOSBox-X Team.	tools/mkfixtures.py
procs-v-g2.obj	2611c491d02e75a62fce9962fbb7335893cc8eb3335558dd7bbe0763c2a55da1	suite/procs.bas	v-g2	BC /O /FPi /R /G2 /E /Zi PROCS.BAS, F07.OBJ;	fa8a089bb6ec4a5dcd81705d704929e7c41894efcc09dc453e7e0311f9331efb	DOSBox-X version 2026.06.02 SDL2, copyright 2011-2026 The DOSBox-X Team.	tools/mkfixtures.py
procs-v-g3-zd.obj	f87ebf855abacb4ec9471474c751d55bf379688bfc381462028a2494c4f9d3ca	suite/procs.bas	v-g3	BC /O /FPi /R /G3 /E /Zi /Zd PROCS.BAS, F03.OBJ;	fa8a089bb6ec4a5dcd81705d704929e7c41894efcc09dc453e7e0311f9331efb	DOSBox-X version 2026.06.02 SDL2, copyright 2011-2026 The DOSBox-X Team.	tools/mkfixtures.py
procs-v-g3-zi.obj	8d52724b5e4177d5fbe4fc0949c6333412cb9017a8798af7cfba939837dd8c33	suite/procs.bas	v-g3	BC /O /FPi /R /G3 /E /Zi /Zi PROCS.BAS, F05.OBJ;	fa8a089bb6ec4a5dcd81705d704929e7c41894efcc09dc453e7e0311f9331efb	DOSBox-X version 2026.06.02 SDL2, copyright 2011-2026 The DOSBox-X Team.	tools/mkfixtures.py
procs-v-g3.obj	8d52724b5e4177d5fbe4fc0949c6333412cb9017a8798af7cfba939837dd8c33	suite/procs.bas	v-g3	BC /O /FPi /R /G3 /E /Zi PROCS.BAS, F01.OBJ;	fa8a089bb6ec4a5dcd81705d704929e7c41894efcc09dc453e7e0311f9331efb	DOSBox-X version 2026.06.02 SDL2, copyright 2011-2026 The DOSBox-X Team.	tools/mkfixtures.py
procs-v-noO.obj	97bbec9e2b4e1d7eaf41b048454fc7ec67a84b7c9c5f8905fa14326885eebb6c	suite/procs.bas	v-noO	BC /FPi /R /G3 /E /Zi PROCS.BAS, F09.OBJ;	fa8a089bb6ec4a5dcd81705d704929e7c41894efcc09dc453e7e0311f9331efb	DOSBox-X version 2026.06.02 SDL2, copyright 2011-2026 The DOSBox-X Team.	tools/mkfixtures.py
procs-v-plain.obj	507776b4c70319ab34779a2adb287317784954027547fc06b647098644482394	suite/procs.bas	v-plain	BC /FPi /R /E /Zi PROCS.BAS, F11.OBJ;	fa8a089bb6ec4a5dcd81705d704929e7c41894efcc09dc453e7e0311f9331efb	DOSBox-X version 2026.06.02 SDL2, copyright 2011-2026 The DOSBox-X Team.	tools/mkfixtures.py
qb45.obj	56359e5a683629bacbbda0dc11d8cc134ac4c25b352df10d2de80b12faccde79	unrecorded -- predates this script, provenance lost	unknown	unknown	unknown	unknown	unknown
rcflip-q-O-zd.obj	aa8bfd95728027105e48b506c7401f1113d2c8ace2eb441685c8062746c81feb	suite/rcflip.bas	q-O	BC /O /FPi /Zi /Zd RCFLIP.BAS, F01.OBJ;	de21556c94b588bfca06388a45f6e22362a7c9e153571f5a27c4f95b6740f5fa	DOSBox-X version 2026.06.02 SDL2, copyright 2011-2026 The DOSBox-X Team.	tools/mkfixtures.py
rcflip-q-O-zi.obj	ab365a63e4d524dff41d537f2bb985eab84f4e939416cda5e5b475a68bab7a11	suite/rcflip.bas	q-O	BC /O /FPi /Zi /Zi RCFLIP.BAS, F02.OBJ;	de21556c94b588bfca06388a45f6e22362a7c9e153571f5a27c4f95b6740f5fa	DOSBox-X version 2026.06.02 SDL2, copyright 2011-2026 The DOSBox-X Team.	tools/mkfixtures.py
rcflip-q-O.obj	ab365a63e4d524dff41d537f2bb985eab84f4e939416cda5e5b475a68bab7a11	suite/rcflip.bas	q-O	BC /O /FPi /Zi RCFLIP.BAS, F00.OBJ;	de21556c94b588bfca06388a45f6e22362a7c9e153571f5a27c4f95b6740f5fa	DOSBox-X version 2026.06.02 SDL2, copyright 2011-2026 The DOSBox-X Team.	tools/mkfixtures.py
rotate-p-evt.obj	2e311d43b4b63bc1fe4958e60ac0816296504a7ef16e21ad8f4b4785f5d7ded4	suite/rotate.bas	p-evt	BC /O /FPi /G2 /V /W ROTATE.BAS, F149.OBJ;	3112bcc99a8d4d9e28bd16085a4592c3f251fea0dfaf0aa63ca4525d7611028d	DOSBox-X version 2026.06.02 SDL2, copyright 2011-2026 The DOSBox-X Team.	tools/mkfixtures.py
rotate-p-g2-zd.obj	f4036d3d722d2ff7002974ec801115158fdd34a818e86537b50312a8bf3c89d9	suite/rotate.bas	p-g2	BC /O /FPi /G2 /Zd ROTATE.BAS, F107.OBJ;	3112bcc99a8d4d9e28bd16085a4592c3f251fea0dfaf0aa63ca4525d7611028d	DOSBox-X version 2026.06.02 SDL2, copyright 2011-2026 The DOSBox-X Team.	tools/mkfixtures.py
rotate-p-g2.obj	8fc8f2d562c589c132c4d3642bd69d298c54eb20496121fb64a65821f2227c8d	suite/rotate.bas	p-g2	BC /O /FPi /G2 ROTATE.BAS, F93.OBJ;	3112bcc99a8d4d9e28bd16085a4592c3f251fea0dfaf0aa63ca4525d7611028d	DOSBox-X version 2026.06.02 SDL2, copyright 2011-2026 The DOSBox-X Team.	tools/mkfixtures.py
rotate-p-noO.obj	78d4c26c6587a1c7cad25fcc371b1148c32da52686bd300b08577a57fec3e77d	suite/rotate.bas	p-noO	BC /FPi /G2 ROTATE.BAS, F135.OBJ;	3112bcc99a8d4d9e28bd16085a4592c3f251fea0dfaf0aa63ca4525d7611028d	DOSBox-X version 2026.06.02 SDL2, copyright 2011-2026 The DOSBox-X Team.	tools/mkfixtures.py
rotate-p-ot.obj	8fc8f2d562c589c132c4d3642bd69d298c54eb20496121fb64a65821f2227c8d	suite/rotate.bas	p-ot	BC /O /FPi /G2 /Ot ROTATE.BAS, F121.OBJ;	3112bcc99a8d4d9e28bd16085a4592c3f251fea0dfaf0aa63ca4525d7611028d	DOSBox-X version 2026.06.02 SDL2, copyright 2011-2026 The DOSBox-X Team.	tools/mkfixtures.py
rotate-q-O-zd.obj	92f2b88f63ec4702d3eae2a5575d77853ab612cd3cb2451226503a5efc030483	suite/rotate.bas	q-O	BC /O /FPi /Zd ROTATE.BAS, F177.OBJ;	de21556c94b588bfca06388a45f6e22362a7c9e153571f5a27c4f95b6740f5fa	DOSBox-X version 2026.06.02 SDL2, copyright 2011-2026 The DOSBox-X Team.	tools/mkfixtures.py
rotate-q-O.obj	fc3496a4e8ec82c0fe3309cbdd0278a134b4cd19866d2e507becaf842bf0e99e	suite/rotate.bas	q-O	BC /O /FPi ROTATE.BAS, F163.OBJ;	de21556c94b588bfca06388a45f6e22362a7c9e153571f5a27c4f95b6740f5fa	DOSBox-X version 2026.06.02 SDL2, copyright 2011-2026 The DOSBox-X Team.	tools/mkfixtures.py
rotate-q-evt.obj	f2b1e78a60ee6aac06b8be6e616190f23f602017326e5a2de42756401e3f792e	suite/rotate.bas	q-evt	BC /O /FPi /V /W ROTATE.BAS, F205.OBJ;	de21556c94b588bfca06388a45f6e22362a7c9e153571f5a27c4f95b6740f5fa	DOSBox-X version 2026.06.02 SDL2, copyright 2011-2026 The DOSBox-X Team.	tools/mkfixtures.py
rotate-q-noO.obj	b73abe60fcd301f53cac9bb11179697728c730c06036fd1e22ffa05991bb1c02	suite/rotate.bas	q-noO	BC /FPi ROTATE.BAS, F191.OBJ;	de21556c94b588bfca06388a45f6e22362a7c9e153571f5a27c4f95b6740f5fa	DOSBox-X version 2026.06.02 SDL2, copyright 2011-2026 The DOSBox-X Team.	tools/mkfixtures.py
rotate-v-evt.obj	0bdf7d91770c2ac12d61f45282487f9710430c0691a50bfac406792a8f9ae1fc	suite/rotate.bas	v-evt	BC /O /FPi /R /G3 /E /V /W ROTATE.BAS, F79.OBJ;	fa8a089bb6ec4a5dcd81705d704929e7c41894efcc09dc453e7e0311f9331efb	DOSBox-X version 2026.06.02 SDL2, copyright 2011-2026 The DOSBox-X Team.	tools/mkfixtures.py
rotate-v-g2.obj	bfb23fff7abe70fb23fd0280f51df1fc080a9bf9045b9471151f0da528d3d155	suite/rotate.bas	v-g2	BC /O /FPi /R /G2 /E ROTATE.BAS, F37.OBJ;	fa8a089bb6ec4a5dcd81705d704929e7c41894efcc09dc453e7e0311f9331efb	DOSBox-X version 2026.06.02 SDL2, copyright 2011-2026 The DOSBox-X Team.	tools/mkfixtures.py
rotate-v-g3-zd.obj	337b5c5f4722c43ede09b2a9487eb67fae80aa28a1f3e66f6cf6654ae3ce6a3f	suite/rotate.bas	v-g3	BC /O /FPi /R /G3 /E /Zd ROTATE.BAS, F23.OBJ;	fa8a089bb6ec4a5dcd81705d704929e7c41894efcc09dc453e7e0311f9331efb	DOSBox-X version 2026.06.02 SDL2, copyright 2011-2026 The DOSBox-X Team.	tools/mkfixtures.py
rotate-v-g3.obj	bfb23fff7abe70fb23fd0280f51df1fc080a9bf9045b9471151f0da528d3d155	suite/rotate.bas	v-g3	BC /O /FPi /R /G3 /E ROTATE.BAS, F09.OBJ;	fa8a089bb6ec4a5dcd81705d704929e7c41894efcc09dc453e7e0311f9331efb	DOSBox-X version 2026.06.02 SDL2, copyright 2011-2026 The DOSBox-X Team.	tools/mkfixtures.py
rotate-v-noO.obj	81eb628f6f9b8c15408ce3b308e2076ba46e6f89790a99cdb92bf73e9aa3c36e	suite/rotate.bas	v-noO	BC /FPi /R /G3 /E ROTATE.BAS, F51.OBJ;	fa8a089bb6ec4a5dcd81705d704929e7c41894efcc09dc453e7e0311f9331efb	DOSBox-X version 2026.06.02 SDL2, copyright 2011-2026 The DOSBox-X Team.	tools/mkfixtures.py
rotate-v-plain.obj	834d0f5485a1407c3e0f3afb249fd0e6feb8ea9273f473e51bf94697515b05a1	suite/rotate.bas	v-plain	BC /FPi /R /E ROTATE.BAS, F65.OBJ;	fa8a089bb6ec4a5dcd81705d704929e7c41894efcc09dc453e7e0311f9331efb	DOSBox-X version 2026.06.02 SDL2, copyright 2011-2026 The DOSBox-X Team.	tools/mkfixtures.py
segld-p-evt.obj	14d0f196384e02785f6bf1a63ca940d2284151c4fb33997f5a8571163dd8f857	suite/segld.bas	p-evt	BC /O /FPi /G2 /V /W SEGLD.BAS, F151.OBJ;	3112bcc99a8d4d9e28bd16085a4592c3f251fea0dfaf0aa63ca4525d7611028d	DOSBox-X version 2026.06.02 SDL2, copyright 2011-2026 The DOSBox-X Team.	tools/mkfixtures.py
segld-p-g2-zd.obj	fc2da297ee4588ea6670d3f9ec1bdb0f1cd1daaf08d0b8c541c3b8e1e970edb0	suite/segld.bas	p-g2	BC /O /FPi /G2 /Zd SEGLD.BAS, F109.OBJ;	3112bcc99a8d4d9e28bd16085a4592c3f251fea0dfaf0aa63ca4525d7611028d	DOSBox-X version 2026.06.02 SDL2, copyright 2011-2026 The DOSBox-X Team.	tools/mkfixtures.py
segld-p-g2.obj	b6ca75d3fee063ced20416d79099176630fefc7893ec9f311fef33c36a250a32	suite/segld.bas	p-g2	BC /O /FPi /G2 SEGLD.BAS, F95.OBJ;	3112bcc99a8d4d9e28bd16085a4592c3f251fea0dfaf0aa63ca4525d7611028d	DOSBox-X version 2026.06.02 SDL2, copyright 2011-2026 The DOSBox-X Team.	tools/mkfixtures.py
segld-p-noO.obj	3b1baf8004220945f0921c30df2a747edac523f29e3829c5ff1b6561447f9a53	suite/segld.bas	p-noO	BC /FPi /G2 SEGLD.BAS, F137.OBJ;	3112bcc99a8d4d9e28bd16085a4592c3f251fea0dfaf0aa63ca4525d7611028d	DOSBox-X version 2026.06.02 SDL2, copyright 2011-2026 The DOSBox-X Team.	tools/mkfixtures.py
segld-p-ot.obj	b6ca75d3fee063ced20416d79099176630fefc7893ec9f311fef33c36a250a32	suite/segld.bas	p-ot	BC /O /FPi /G2 /Ot SEGLD.BAS, F123.OBJ;	3112bcc99a8d4d9e28bd16085a4592c3f251fea0dfaf0aa63ca4525d7611028d	DOSBox-X version 2026.06.02 SDL2, copyright 2011-2026 The DOSBox-X Team.	tools/mkfixtures.py
segld-q-O-zd.obj	101a5a07a604b9fa8359a9395efe6f231bbc871b6fafe7f77ae0caa904d9bf87	suite/segld.bas	q-O	BC /O /FPi /Zd SEGLD.BAS, F179.OBJ;	de21556c94b588bfca06388a45f6e22362a7c9e153571f5a27c4f95b6740f5fa	DOSBox-X version 2026.06.02 SDL2, copyright 2011-2026 The DOSBox-X Team.	tools/mkfixtures.py
segld-q-O.obj	448442d4ed2d0b9fde7c8d29f2dd78e204d69ce6b0f60043299795c5aadc798d	suite/segld.bas	q-O	BC /O /FPi SEGLD.BAS, F165.OBJ;	de21556c94b588bfca06388a45f6e22362a7c9e153571f5a27c4f95b6740f5fa	DOSBox-X version 2026.06.02 SDL2, copyright 2011-2026 The DOSBox-X Team.	tools/mkfixtures.py
segld-q-evt.obj	199bb7628c3baa86ab68f99921ab13253908c1564fc4bcfec16eca716ff2199c	suite/segld.bas	q-evt	BC /O /FPi /V /W SEGLD.BAS, F207.OBJ;	de21556c94b588bfca06388a45f6e22362a7c9e153571f5a27c4f95b6740f5fa	DOSBox-X version 2026.06.02 SDL2, copyright 2011-2026 The DOSBox-X Team.	tools/mkfixtures.py
segld-q-noO.obj	2bde51b8ac543082e912b595a8825893a81e4d96ec218c2bf925022cf5f24c8a	suite/segld.bas	q-noO	BC /FPi SEGLD.BAS, F193.OBJ;	de21556c94b588bfca06388a45f6e22362a7c9e153571f5a27c4f95b6740f5fa	DOSBox-X version 2026.06.02 SDL2, copyright 2011-2026 The DOSBox-X Team.	tools/mkfixtures.py
segld-v-evt.obj	264555b9188a53e65d8538c371132a54d36b1230094344dd72b6bef759c5ca8c	suite/segld.bas	v-evt	BC /O /FPi /R /G3 /E /V /W SEGLD.BAS, F81.OBJ;	fa8a089bb6ec4a5dcd81705d704929e7c41894efcc09dc453e7e0311f9331efb	DOSBox-X version 2026.06.02 SDL2, copyright 2011-2026 The DOSBox-X Team.	tools/mkfixtures.py
segld-v-g2.obj	ac112c87e4768cbbb1d1b9ba6f968744cd28b72020c914685d70612f9df74237	suite/segld.bas	v-g2	BC /O /FPi /R /G2 /E SEGLD.BAS, F39.OBJ;	fa8a089bb6ec4a5dcd81705d704929e7c41894efcc09dc453e7e0311f9331efb	DOSBox-X version 2026.06.02 SDL2, copyright 2011-2026 The DOSBox-X Team.	tools/mkfixtures.py
segld-v-g3-zd.obj	3dadecc6efeabadb278a9ab2166bacfeecd9a26bb422cd1a151e10a497d91023	suite/segld.bas	v-g3	BC /O /FPi /R /G3 /E /Zd SEGLD.BAS, F25.OBJ;	fa8a089bb6ec4a5dcd81705d704929e7c41894efcc09dc453e7e0311f9331efb	DOSBox-X version 2026.06.02 SDL2, copyright 2011-2026 The DOSBox-X Team.	tools/mkfixtures.py
segld-v-g3.obj	ac112c87e4768cbbb1d1b9ba6f968744cd28b72020c914685d70612f9df74237	suite/segld.bas	v-g3	BC /O /FPi /R /G3 /E SEGLD.BAS, F11.OBJ;	fa8a089bb6ec4a5dcd81705d704929e7c41894efcc09dc453e7e0311f9331efb	DOSBox-X version 2026.06.02 SDL2, copyright 2011-2026 The DOSBox-X Team.	tools/mkfixtures.py
segld-v-noO.obj	c17817c1604de5c4c09dd035010832f9d8735a34597365bc4a1833f5683f16f2	suite/segld.bas	v-noO	BC /FPi /R /G3 /E SEGLD.BAS, F53.OBJ;	fa8a089bb6ec4a5dcd81705d704929e7c41894efcc09dc453e7e0311f9331efb	DOSBox-X version 2026.06.02 SDL2, copyright 2011-2026 The DOSBox-X Team.	tools/mkfixtures.py
segld-v-plain.obj	e06018ac2010a091ef0d9ad573d0842a44b9fc91b8673632493ca1c2bed4e696	suite/segld.bas	v-plain	BC /FPi /R /E SEGLD.BAS, F67.OBJ;	fa8a089bb6ec4a5dcd81705d704929e7c41894efcc09dc453e7e0311f9331efb	DOSBox-X version 2026.06.02 SDL2, copyright 2011-2026 The DOSBox-X Team.	tools/mkfixtures.py
spill-p-evt.obj	de1b5cf1ad81f204f9cc4136abf8df54d3e2c89e1a9feeab56a64d21951b76fc	suite/spill.bas	p-evt	BC /O /FPi /G2 /V /W SPILL.BAS, F146.OBJ;	3112bcc99a8d4d9e28bd16085a4592c3f251fea0dfaf0aa63ca4525d7611028d	DOSBox-X version 2026.06.02 SDL2, copyright 2011-2026 The DOSBox-X Team.	tools/mkfixtures.py
spill-p-g2-zd.obj	092bdc07e817ed7c36dd0bf060a433ab1002c3d7c397a5b1a17966be0a7446fd	suite/spill.bas	p-g2	BC /O /FPi /G2 /Zd SPILL.BAS, F104.OBJ;	3112bcc99a8d4d9e28bd16085a4592c3f251fea0dfaf0aa63ca4525d7611028d	DOSBox-X version 2026.06.02 SDL2, copyright 2011-2026 The DOSBox-X Team.	tools/mkfixtures.py
spill-p-g2.obj	c9bc2ee89aedeec941233aae93a7c73498a00340a54748f3af14db8edc2e2daa	suite/spill.bas	p-g2	BC /O /FPi /G2 SPILL.BAS, F90.OBJ;	3112bcc99a8d4d9e28bd16085a4592c3f251fea0dfaf0aa63ca4525d7611028d	DOSBox-X version 2026.06.02 SDL2, copyright 2011-2026 The DOSBox-X Team.	tools/mkfixtures.py
spill-p-noO.obj	7262296a05e83bfcd88d68e0b87a784cf4644ddbfc25ee461df4064b7336959a	suite/spill.bas	p-noO	BC /FPi /G2 SPILL.BAS, F132.OBJ;	3112bcc99a8d4d9e28bd16085a4592c3f251fea0dfaf0aa63ca4525d7611028d	DOSBox-X version 2026.06.02 SDL2, copyright 2011-2026 The DOSBox-X Team.	tools/mkfixtures.py
spill-p-ot.obj	c9bc2ee89aedeec941233aae93a7c73498a00340a54748f3af14db8edc2e2daa	suite/spill.bas	p-ot	BC /O /FPi /G2 /Ot SPILL.BAS, F118.OBJ;	3112bcc99a8d4d9e28bd16085a4592c3f251fea0dfaf0aa63ca4525d7611028d	DOSBox-X version 2026.06.02 SDL2, copyright 2011-2026 The DOSBox-X Team.	tools/mkfixtures.py
spill-q-O-zd.obj	e61625208765b44646f1a6df7fd53c38b95f95003403fbb40123c4e4d1083d8c	suite/spill.bas	q-O	BC /O /FPi /Zd SPILL.BAS, F174.OBJ;	de21556c94b588bfca06388a45f6e22362a7c9e153571f5a27c4f95b6740f5fa	DOSBox-X version 2026.06.02 SDL2, copyright 2011-2026 The DOSBox-X Team.	tools/mkfixtures.py
spill-q-O.obj	0c703646777ef4c26daf66cd0ed593ff0f7cef61f73b3216073d44ebd14267a5	suite/spill.bas	q-O	BC /O /FPi SPILL.BAS, F160.OBJ;	de21556c94b588bfca06388a45f6e22362a7c9e153571f5a27c4f95b6740f5fa	DOSBox-X version 2026.06.02 SDL2, copyright 2011-2026 The DOSBox-X Team.	tools/mkfixtures.py
spill-q-evt.obj	c5ee32684e57cd37b4a011b987a4cdc6efda0c3bee10dd7a15f28f1d0422b9f3	suite/spill.bas	q-evt	BC /O /FPi /V /W SPILL.BAS, F202.OBJ;	de21556c94b588bfca06388a45f6e22362a7c9e153571f5a27c4f95b6740f5fa	DOSBox-X version 2026.06.02 SDL2, copyright 2011-2026 The DOSBox-X Team.	tools/mkfixtures.py
spill-q-noO.obj	6bc2bcc46ffa09f5d27cd989523d78a8494db6426f4f08de5f7aebdc40d95db8	suite/spill.bas	q-noO	BC /FPi SPILL.BAS, F188.OBJ;	de21556c94b588bfca06388a45f6e22362a7c9e153571f5a27c4f95b6740f5fa	DOSBox-X version 2026.06.02 SDL2, copyright 2011-2026 The DOSBox-X Team.	tools/mkfixtures.py
spill-v-evt.obj	f9eca3adaf6f6f34a100087bbe89f0437a17724ee158ace40be77df9f1a506b2	suite/spill.bas	v-evt	BC /O /FPi /R /G3 /E /V /W SPILL.BAS, F76.OBJ;	fa8a089bb6ec4a5dcd81705d704929e7c41894efcc09dc453e7e0311f9331efb	DOSBox-X version 2026.06.02 SDL2, copyright 2011-2026 The DOSBox-X Team.	tools/mkfixtures.py
spill-v-g2.obj	1accba6974ce2a0ab3870a4aee657677dce2d9d18397a55fb40e740c38c36ec8	suite/spill.bas	v-g2	BC /O /FPi /R /G2 /E SPILL.BAS, F34.OBJ;	fa8a089bb6ec4a5dcd81705d704929e7c41894efcc09dc453e7e0311f9331efb	DOSBox-X version 2026.06.02 SDL2, copyright 2011-2026 The DOSBox-X Team.	tools/mkfixtures.py
spill-v-g3-zd.obj	bb798f270425e6d53fed639f994125a1db8c96b87b16b5013feb68683f793cad	suite/spill.bas	v-g3	BC /O /FPi /R /G3 /E /Zd SPILL.BAS, F20.OBJ;	fa8a089bb6ec4a5dcd81705d704929e7c41894efcc09dc453e7e0311f9331efb	DOSBox-X version 2026.06.02 SDL2, copyright 2011-2026 The DOSBox-X Team.	tools/mkfixtures.py
spill-v-g3.obj	1accba6974ce2a0ab3870a4aee657677dce2d9d18397a55fb40e740c38c36ec8	suite/spill.bas	v-g3	BC /O /FPi /R /G3 /E SPILL.BAS, F06.OBJ;	fa8a089bb6ec4a5dcd81705d704929e7c41894efcc09dc453e7e0311f9331efb	DOSBox-X version 2026.06.02 SDL2, copyright 2011-2026 The DOSBox-X Team.	tools/mkfixtures.py
spill-v-noO.obj	282618456f39c3e368622012cbc962aeac12d72acf0ad5137eb6e05220c8f476	suite/spill.bas	v-noO	BC /FPi /R /G3 /E SPILL.BAS, F48.OBJ;	fa8a089bb6ec4a5dcd81705d704929e7c41894efcc09dc453e7e0311f9331efb	DOSBox-X version 2026.06.02 SDL2, copyright 2011-2026 The DOSBox-X Team.	tools/mkfixtures.py
spill-v-plain.obj	7da18924b79605e067346eb82b9e5e0229d609ce664e466475137d2411e94204	suite/spill.bas	v-plain	BC /FPi /R /E SPILL.BAS, F62.OBJ;	fa8a089bb6ec4a5dcd81705d704929e7c41894efcc09dc453e7e0311f9331efb	DOSBox-X version 2026.06.02 SDL2, copyright 2011-2026 The DOSBox-X Team.	tools/mkfixtures.py
split-p-evt.obj	d7b708dcc9aec55d01e9279803c40ff24e890f0b9f0c3667f53a455468e17bcb	suite/split.bas	p-evt	BC /O /FPi /G2 /V /W SPLIT.BAS, F147.OBJ;	3112bcc99a8d4d9e28bd16085a4592c3f251fea0dfaf0aa63ca4525d7611028d	DOSBox-X version 2026.06.02 SDL2, copyright 2011-2026 The DOSBox-X Team.	tools/mkfixtures.py
split-p-g2-zd.obj	2f756ea8f7fd662cd8ec43ec7738a32b04b68df8b36f5552e502c17c31de5459	suite/split.bas	p-g2	BC /O /FPi /G2 /Zd SPLIT.BAS, F105.OBJ;	3112bcc99a8d4d9e28bd16085a4592c3f251fea0dfaf0aa63ca4525d7611028d	DOSBox-X version 2026.06.02 SDL2, copyright 2011-2026 The DOSBox-X Team.	tools/mkfixtures.py
split-p-g2.obj	877df86006fdef5cb628eb7304568f7aa2ec0b650d0fa41df987be65e900bb75	suite/split.bas	p-g2	BC /O /FPi /G2 SPLIT.BAS, F91.OBJ;	3112bcc99a8d4d9e28bd16085a4592c3f251fea0dfaf0aa63ca4525d7611028d	DOSBox-X version 2026.06.02 SDL2, copyright 2011-2026 The DOSBox-X Team.	tools/mkfixtures.py
split-p-noO.obj	dbd1fcd4ea3bda4d03c1f0dd2800b2640db7ae6c6919dfd855fcce5185ceee55	suite/split.bas	p-noO	BC /FPi /G2 SPLIT.BAS, F133.OBJ;	3112bcc99a8d4d9e28bd16085a4592c3f251fea0dfaf0aa63ca4525d7611028d	DOSBox-X version 2026.06.02 SDL2, copyright 2011-2026 The DOSBox-X Team.	tools/mkfixtures.py
split-p-ot.obj	877df86006fdef5cb628eb7304568f7aa2ec0b650d0fa41df987be65e900bb75	suite/split.bas	p-ot	BC /O /FPi /G2 /Ot SPLIT.BAS, F119.OBJ;	3112bcc99a8d4d9e28bd16085a4592c3f251fea0dfaf0aa63ca4525d7611028d	DOSBox-X version 2026.06.02 SDL2, copyright 2011-2026 The DOSBox-X Team.	tools/mkfixtures.py
split-q-O-zd.obj	e5adce33488bd612569b58221793ef112ec700939801d88564839b99bf0ed463	suite/split.bas	q-O	BC /O /FPi /Zd SPLIT.BAS, F175.OBJ;	de21556c94b588bfca06388a45f6e22362a7c9e153571f5a27c4f95b6740f5fa	DOSBox-X version 2026.06.02 SDL2, copyright 2011-2026 The DOSBox-X Team.	tools/mkfixtures.py
split-q-O.obj	569851ca4a3c0fcbbb3a68b364596b22e91a12b65b4b103b9bc33fdac983233d	suite/split.bas	q-O	BC /O /FPi SPLIT.BAS, F161.OBJ;	de21556c94b588bfca06388a45f6e22362a7c9e153571f5a27c4f95b6740f5fa	DOSBox-X version 2026.06.02 SDL2, copyright 2011-2026 The DOSBox-X Team.	tools/mkfixtures.py
split-q-evt.obj	c93f8762a57b2910498f7e0685dfc4de199fc7c7164adc6088939594253f4607	suite/split.bas	q-evt	BC /O /FPi /V /W SPLIT.BAS, F203.OBJ;	de21556c94b588bfca06388a45f6e22362a7c9e153571f5a27c4f95b6740f5fa	DOSBox-X version 2026.06.02 SDL2, copyright 2011-2026 The DOSBox-X Team.	tools/mkfixtures.py
split-q-noO.obj	cc350f6a61ef83e9cd32be98ad5a0cd9501b9a709b6d84a94d62d8ab93570967	suite/split.bas	q-noO	BC /FPi SPLIT.BAS, F189.OBJ;	de21556c94b588bfca06388a45f6e22362a7c9e153571f5a27c4f95b6740f5fa	DOSBox-X version 2026.06.02 SDL2, copyright 2011-2026 The DOSBox-X Team.	tools/mkfixtures.py
split-v-evt.obj	4e72cc57ca132393aabc78b50bb35ee2df91d2a4948daf57fba24f514ee85be5	suite/split.bas	v-evt	BC /O /FPi /R /G3 /E /V /W SPLIT.BAS, F77.OBJ;	fa8a089bb6ec4a5dcd81705d704929e7c41894efcc09dc453e7e0311f9331efb	DOSBox-X version 2026.06.02 SDL2, copyright 2011-2026 The DOSBox-X Team.	tools/mkfixtures.py
split-v-g2.obj	824c6ceb42a63753e6e18946b7d772f04e29bbc31029732e7940416d653f65b6	suite/split.bas	v-g2	BC /O /FPi /R /G2 /E SPLIT.BAS, F35.OBJ;	fa8a089bb6ec4a5dcd81705d704929e7c41894efcc09dc453e7e0311f9331efb	DOSBox-X version 2026.06.02 SDL2, copyright 2011-2026 The DOSBox-X Team.	tools/mkfixtures.py
split-v-g3-zd.obj	97ce63d730614791e5e3fa6aa44dba6ed9776620f632524e73e0a926fc2e4a1e	suite/split.bas	v-g3	BC /O /FPi /R /G3 /E /Zd SPLIT.BAS, F21.OBJ;	fa8a089bb6ec4a5dcd81705d704929e7c41894efcc09dc453e7e0311f9331efb	DOSBox-X version 2026.06.02 SDL2, copyright 2011-2026 The DOSBox-X Team.	tools/mkfixtures.py
split-v-g3.obj	824c6ceb42a63753e6e18946b7d772f04e29bbc31029732e7940416d653f65b6	suite/split.bas	v-g3	BC /O /FPi /R /G3 /E SPLIT.BAS, F07.OBJ;	fa8a089bb6ec4a5dcd81705d704929e7c41894efcc09dc453e7e0311f9331efb	DOSBox-X version 2026.06.02 SDL2, copyright 2011-2026 The DOSBox-X Team.	tools/mkfixtures.py
split-v-noO.obj	a2cabff297d1d670ba58f439d29b4ae7d0ee3c8de62f769b767876ae404b7dc1	suite/split.bas	v-noO	BC /FPi /R /G3 /E SPLIT.BAS, F49.OBJ;	fa8a089bb6ec4a5dcd81705d704929e7c41894efcc09dc453e7e0311f9331efb	DOSBox-X version 2026.06.02 SDL2, copyright 2011-2026 The DOSBox-X Team.	tools/mkfixtures.py
split-v-plain.obj	8864e3224d9bc64e0374c625a7a2e06b9dd55af78350338901d7d6a012e6b011	suite/split.bas	v-plain	BC /FPi /R /E SPLIT.BAS, F63.OBJ;	fa8a089bb6ec4a5dcd81705d704929e7c41894efcc09dc453e7e0311f9331efb	DOSBox-X version 2026.06.02 SDL2, copyright 2011-2026 The DOSBox-X Team.	tools/mkfixtures.py
stride-p-evt.obj	b8265ea85f4657bea7a44937d708f17e79231106f6f2e6fded9281b0ac8be9e4	suite/stride.bas	p-evt	BC /O /FPi /G2 /V /W STRIDE.BAS, F145.OBJ;	3112bcc99a8d4d9e28bd16085a4592c3f251fea0dfaf0aa63ca4525d7611028d	DOSBox-X version 2026.06.02 SDL2, copyright 2011-2026 The DOSBox-X Team.	tools/mkfixtures.py
stride-p-g2-zd.obj	b8ef783b3e2b9e2021f83835b88b3bb6800793d60524418b4de5de5f7a0a3f4a	suite/stride.bas	p-g2	BC /O /FPi /G2 /Zd STRIDE.BAS, F103.OBJ;	3112bcc99a8d4d9e28bd16085a4592c3f251fea0dfaf0aa63ca4525d7611028d	DOSBox-X version 2026.06.02 SDL2, copyright 2011-2026 The DOSBox-X Team.	tools/mkfixtures.py
stride-p-g2.obj	bbbd5e65c4a9376b336f3e3b889dbad915de6f05df77fad730be0da2a6e12759	suite/stride.bas	p-g2	BC /O /FPi /G2 STRIDE.BAS, F89.OBJ;	3112bcc99a8d4d9e28bd16085a4592c3f251fea0dfaf0aa63ca4525d7611028d	DOSBox-X version 2026.06.02 SDL2, copyright 2011-2026 The DOSBox-X Team.	tools/mkfixtures.py
stride-p-noO.obj	1f9e871312fe60b92f4e4fe41bb443c4ecdbff465427b134cbcbc38b437b9cdd	suite/stride.bas	p-noO	BC /FPi /G2 STRIDE.BAS, F131.OBJ;	3112bcc99a8d4d9e28bd16085a4592c3f251fea0dfaf0aa63ca4525d7611028d	DOSBox-X version 2026.06.02 SDL2, copyright 2011-2026 The DOSBox-X Team.	tools/mkfixtures.py
stride-p-ot.obj	bbbd5e65c4a9376b336f3e3b889dbad915de6f05df77fad730be0da2a6e12759	suite/stride.bas	p-ot	BC /O /FPi /G2 /Ot STRIDE.BAS, F117.OBJ;	3112bcc99a8d4d9e28bd16085a4592c3f251fea0dfaf0aa63ca4525d7611028d	DOSBox-X version 2026.06.02 SDL2, copyright 2011-2026 The DOSBox-X Team.	tools/mkfixtures.py
stride-q-O-zd.obj	c65df6ded54588e51c7ff0501b88f63d559d11775edeacf8b0b57276d81d8d11	suite/stride.bas	q-O	BC /O /FPi /Zd STRIDE.BAS, F173.OBJ;	de21556c94b588bfca06388a45f6e22362a7c9e153571f5a27c4f95b6740f5fa	DOSBox-X version 2026.06.02 SDL2, copyright 2011-2026 The DOSBox-X Team.	tools/mkfixtures.py
stride-q-O.obj	f68b430f2140be1f28bd4e19b66feb8170250839056738ed55a48020a9688600	suite/stride.bas	q-O	BC /O /FPi STRIDE.BAS, F159.OBJ;	de21556c94b588bfca06388a45f6e22362a7c9e153571f5a27c4f95b6740f5fa	DOSBox-X version 2026.06.02 SDL2, copyright 2011-2026 The DOSBox-X Team.	tools/mkfixtures.py
stride-q-evt.obj	7b1cb40ad5aecd6303bbff5c8a547c4b6963632045d7a02b5dc943f0d08986f0	suite/stride.bas	q-evt	BC /O /FPi /V /W STRIDE.BAS, F201.OBJ;	de21556c94b588bfca06388a45f6e22362a7c9e153571f5a27c4f95b6740f5fa	DOSBox-X version 2026.06.02 SDL2, copyright 2011-2026 The DOSBox-X Team.	tools/mkfixtures.py
stride-q-noO.obj	ebcf4393b30d54790ed6455c7ab3ee405a7a331cfecd677e89a986b1452a5a44	suite/stride.bas	q-noO	BC /FPi STRIDE.BAS, F187.OBJ;	de21556c94b588bfca06388a45f6e22362a7c9e153571f5a27c4f95b6740f5fa	DOSBox-X version 2026.06.02 SDL2, copyright 2011-2026 The DOSBox-X Team.	tools/mkfixtures.py
stride-v-evt.obj	42e9fd423187b6c822bb315951deb49e0bc1960b54d4011cf67bf9be33dd2ec1	suite/stride.bas	v-evt	BC /O /FPi /R /G3 /E /V /W STRIDE.BAS, F75.OBJ;	fa8a089bb6ec4a5dcd81705d704929e7c41894efcc09dc453e7e0311f9331efb	DOSBox-X version 2026.06.02 SDL2, copyright 2011-2026 The DOSBox-X Team.	tools/mkfixtures.py
stride-v-g2.obj	5ddd63327025abd2f87a472232f0d5e7e181a7b6515a4324760c669635178dfb	suite/stride.bas	v-g2	BC /O /FPi /R /G2 /E STRIDE.BAS, F33.OBJ;	fa8a089bb6ec4a5dcd81705d704929e7c41894efcc09dc453e7e0311f9331efb	DOSBox-X version 2026.06.02 SDL2, copyright 2011-2026 The DOSBox-X Team.	tools/mkfixtures.py
stride-v-g3-zd.obj	9dfdbae5594b6eb820822ade963de5ff585371837acdd03380323d6b4b6a86c2	suite/stride.bas	v-g3	BC /O /FPi /R /G3 /E /Zd STRIDE.BAS, F19.OBJ;	fa8a089bb6ec4a5dcd81705d704929e7c41894efcc09dc453e7e0311f9331efb	DOSBox-X version 2026.06.02 SDL2, copyright 2011-2026 The DOSBox-X Team.	tools/mkfixtures.py
stride-v-g3.obj	5ddd63327025abd2f87a472232f0d5e7e181a7b6515a4324760c669635178dfb	suite/stride.bas	v-g3	BC /O /FPi /R /G3 /E STRIDE.BAS, F05.OBJ;	fa8a089bb6ec4a5dcd81705d704929e7c41894efcc09dc453e7e0311f9331efb	DOSBox-X version 2026.06.02 SDL2, copyright 2011-2026 The DOSBox-X Team.	tools/mkfixtures.py
stride-v-noO.obj	6da9152999ebb3c1115e5fa1670282ebdfd66507ced396a3fa5a624070e87ddf	suite/stride.bas	v-noO	BC /FPi /R /G3 /E STRIDE.BAS, F47.OBJ;	fa8a089bb6ec4a5dcd81705d704929e7c41894efcc09dc453e7e0311f9331efb	DOSBox-X version 2026.06.02 SDL2, copyright 2011-2026 The DOSBox-X Team.	tools/mkfixtures.py
stride-v-plain.obj	b643c38034b1dae95769f0511bbf572ea9745b39f4b258aba207b664941d7b5d	suite/stride.bas	v-plain	BC /FPi /R /E STRIDE.BAS, F61.OBJ;	fa8a089bb6ec4a5dcd81705d704929e7c41894efcc09dc453e7e0311f9331efb	DOSBox-X version 2026.06.02 SDL2, copyright 2011-2026 The DOSBox-X Team.	tools/mkfixtures.py
subexp-p-evt.obj	7653bb5f25e59f5bc6bdb8783123fdbaa93ae45c25306aaeb7af8f50466e8878	suite/subexp.bas	p-evt	BC /O /FPi /G2 /V /W SUBEXP.BAS, F32.OBJ;	3112bcc99a8d4d9e28bd16085a4592c3f251fea0dfaf0aa63ca4525d7611028d	DOSBox-X version 2026.06.02 SDL2, copyright 2011-2026 The DOSBox-X Team.	tools/mkfixtures.py
subexp-p-g2-zd.obj	6ddf2421415f6b5712770134fca26efbdc93a7cbc82c456ea1c8c1e32448ded7	suite/subexp.bas	p-g2	BC /O /FPi /G2 /Zd SUBEXP.BAS, F23.OBJ;	3112bcc99a8d4d9e28bd16085a4592c3f251fea0dfaf0aa63ca4525d7611028d	DOSBox-X version 2026.06.02 SDL2, copyright 2011-2026 The DOSBox-X Team.	tools/mkfixtures.py
subexp-p-g2.obj	bedceb0bcfdeceef15598f8d1dc441464281a524503890086e3f688285e377b1	suite/subexp.bas	p-g2	BC /O /FPi /G2 SUBEXP.BAS, F20.OBJ;	3112bcc99a8d4d9e28bd16085a4592c3f251fea0dfaf0aa63ca4525d7611028d	DOSBox-X version 2026.06.02 SDL2, copyright 2011-2026 The DOSBox-X Team.	tools/mkfixtures.py
subexp-p-noO.obj	3284c394e61258a43ca538d35b9e6221e42c152ebaee7247ad58c203893cbc21	suite/subexp.bas	p-noO	BC /FPi /G2 SUBEXP.BAS, F29.OBJ;	3112bcc99a8d4d9e28bd16085a4592c3f251fea0dfaf0aa63ca4525d7611028d	DOSBox-X version 2026.06.02 SDL2, copyright 2011-2026 The DOSBox-X Team.	tools/mkfixtures.py
subexp-p-ot.obj	bedceb0bcfdeceef15598f8d1dc441464281a524503890086e3f688285e377b1	suite/subexp.bas	p-ot	BC /O /FPi /G2 /Ot SUBEXP.BAS, F26.OBJ;	3112bcc99a8d4d9e28bd16085a4592c3f251fea0dfaf0aa63ca4525d7611028d	DOSBox-X version 2026.06.02 SDL2, copyright 2011-2026 The DOSBox-X Team.	tools/mkfixtures.py
subexp-q-O-zd.obj	2e7a8fd3018196890edfc1d8ecc5083167722bf1834655bfff992356970fbe67	suite/subexp.bas	q-O	BC /O /FPi /Zd SUBEXP.BAS, F38.OBJ;	de21556c94b588bfca06388a45f6e22362a7c9e153571f5a27c4f95b6740f5fa	DOSBox-X version 2026.06.02 SDL2, copyright 2011-2026 The DOSBox-X Team.	tools/mkfixtures.py
subexp-q-O.obj	0005a26aeb457098310ae8e16fd88e9b59f6facae7a40fa750b40a5ae85f0a0a	suite/subexp.bas	q-O	BC /O /FPi SUBEXP.BAS, F35.OBJ;	de21556c94b588bfca06388a45f6e22362a7c9e153571f5a27c4f95b6740f5fa	DOSBox-X version 2026.06.02 SDL2, copyright 2011-2026 The DOSBox-X Team.	tools/mkfixtures.py
subexp-q-evt.obj	815d67a613b937c70190f11df7f82d6e5fc7bc776cbfb94b7be133379a726f36	suite/subexp.bas	q-evt	BC /O /FPi /V /W SUBEXP.BAS, F44.OBJ;	de21556c94b588bfca06388a45f6e22362a7c9e153571f5a27c4f95b6740f5fa	DOSBox-X version 2026.06.02 SDL2, copyright 2011-2026 The DOSBox-X Team.	tools/mkfixtures.py
subexp-q-noO.obj	beed610fcc3d8f5da4cc37ba678f0b4a617ba7ec13aa09a09fc997263ddb5879	suite/subexp.bas	q-noO	BC /FPi SUBEXP.BAS, F41.OBJ;	de21556c94b588bfca06388a45f6e22362a7c9e153571f5a27c4f95b6740f5fa	DOSBox-X version 2026.06.02 SDL2, copyright 2011-2026 The DOSBox-X Team.	tools/mkfixtures.py
subexp-v-evt.obj	d78ae4d9027822bddef81066ef64be049565dfc36d6d98044a98eb107d7a4a18	suite/subexp.bas	v-evt	BC /O /FPi /R /G3 /E /V /W SUBEXP.BAS, F17.OBJ;	fa8a089bb6ec4a5dcd81705d704929e7c41894efcc09dc453e7e0311f9331efb	DOSBox-X version 2026.06.02 SDL2, copyright 2011-2026 The DOSBox-X Team.	tools/mkfixtures.py
subexp-v-g2.obj	e4039af3533a97a5631c8129ae1ebf7cdd321b32aa82538945687adc65d63cf3	suite/subexp.bas	v-g2	BC /O /FPi /R /G2 /E SUBEXP.BAS, F08.OBJ;	fa8a089bb6ec4a5dcd81705d704929e7c41894efcc09dc453e7e0311f9331efb	DOSBox-X version 2026.06.02 SDL2, copyright 2011-2026 The DOSBox-X Team.	tools/mkfixtures.py
subexp-v-g3-zd.obj	b5540bde505ef4a06a5ee02a91559a7369580106ce4f904a24a60101228ad47b	suite/subexp.bas	v-g3	BC /O /FPi /R /G3 /E /Zd SUBEXP.BAS, F05.OBJ;	fa8a089bb6ec4a5dcd81705d704929e7c41894efcc09dc453e7e0311f9331efb	DOSBox-X version 2026.06.02 SDL2, copyright 2011-2026 The DOSBox-X Team.	tools/mkfixtures.py
subexp-v-g3.obj	e4039af3533a97a5631c8129ae1ebf7cdd321b32aa82538945687adc65d63cf3	suite/subexp.bas	v-g3	BC /O /FPi /R /G3 /E SUBEXP.BAS, F02.OBJ;	fa8a089bb6ec4a5dcd81705d704929e7c41894efcc09dc453e7e0311f9331efb	DOSBox-X version 2026.06.02 SDL2, copyright 2011-2026 The DOSBox-X Team.	tools/mkfixtures.py
subexp-v-noO.obj	3057778cf32be6a7b12a30d243c7621948cef16eb725e1ecdf5021b76af74a26	suite/subexp.bas	v-noO	BC /FPi /R /G3 /E SUBEXP.BAS, F11.OBJ;	fa8a089bb6ec4a5dcd81705d704929e7c41894efcc09dc453e7e0311f9331efb	DOSBox-X version 2026.06.02 SDL2, copyright 2011-2026 The DOSBox-X Team.	tools/mkfixtures.py
subexp-v-plain.obj	44ab8589076705e5129ded472d56951e3874215383b797f66d8d1b5762f32d97	suite/subexp.bas	v-plain	BC /FPi /R /E SUBEXP.BAS, F14.OBJ;	fa8a089bb6ec4a5dcd81705d704929e7c41894efcc09dc453e7e0311f9331efb	DOSBox-X version 2026.06.02 SDL2, copyright 2011-2026 The DOSBox-X Team.	tools/mkfixtures.py
vbdos-g2.obj	74255ab9898e9192d5f1b6729708d110ca37073ac78c87a15cf07675c7463113	unrecorded -- predates this script, provenance lost	unknown	unknown	unknown	unknown	unknown
vbdos-g3.obj	9d5bb88aa49b727bea9de190b462e6abcea931d980b3bf10e453fd78df547518	unrecorded -- predates this script, provenance lost	unknown	unknown	unknown	unknown	unknown
wendgo-q-O-zd.obj	afad365f685ad7b95f896a2d0af18b3608bf5e8beef5f94b8734e0d668353bc7	suite/wendgo.bas	q-O	BC /O /FPi /Zi /Zd WENDGO.BAS, F01.OBJ;	de21556c94b588bfca06388a45f6e22362a7c9e153571f5a27c4f95b6740f5fa	DOSBox-X version 2026.06.02 SDL2, copyright 2011-2026 The DOSBox-X Team.	tools/mkfixtures.py
wendgo-q-O-zi.obj	b991ef78d92b01e63235ca7121cd2cc87c0427621804acd9d472681a5b05acbc	suite/wendgo.bas	q-O	BC /O /FPi /Zi /Zi WENDGO.BAS, F02.OBJ;	de21556c94b588bfca06388a45f6e22362a7c9e153571f5a27c4f95b6740f5fa	DOSBox-X version 2026.06.02 SDL2, copyright 2011-2026 The DOSBox-X Team.	tools/mkfixtures.py
wendgo-q-O.obj	b991ef78d92b01e63235ca7121cd2cc87c0427621804acd9d472681a5b05acbc	suite/wendgo.bas	q-O	BC /O /FPi /Zi WENDGO.BAS, F00.OBJ;	de21556c94b588bfca06388a45f6e22362a7c9e153571f5a27c4f95b6740f5fa	DOSBox-X version 2026.06.02 SDL2, copyright 2011-2026 The DOSBox-X Team.	tools/mkfixtures.py
